-1,-1,6.666666666666667,0,-1,1,3,0,0,0,-1,-1,-1,15,0,22,0,29,-1,2,0,-1,1
0,1,6.666666666666667,0,-1,-1,3,0,0,0,-1,0,0,14,0,22,0,29,68,2,0,0,1
0,0,7.0,0,-1,0,3,0,0,0,12287327,0,0,15,0,23,0,30,0,2,0,0,1
-1,1,7.0,0,-1,0,3,0,0,0,8333135,0,0,15,0,23,0,30,1,2,0,0,1
-1,0,7.333333333333333,0,-1,0,3,0,0,0,17065844,0,0,16,0,24,0,31,0,2,0,0,1
1,1,8.0,0,-1,0,3,0,0,0,-1,0,0,18,0,26,0,33,23,2,0,0,1
1,1,5.5,0,-1,0,4,0,0,0,-1,0,0,13,0,25,0,32,23,2,0,0,1
-1,1,7.0,0,-1,0,3,0,0,0,-1,0,0,16,0,23,0,30,0,2,0,0,1
0,1,5.8,0,-1,-1,5,0,0,0,-1,0,0,9,0,33,0,40,8,2,0,0,1
1,1,4.8,0,-1,1,5,0,0,0,-1,0,0,8,0,28,0,35,1,2,0,0,1
-1,1,5.6,0,-1,1,5,0,0,0,-1,0,0,8,0,32,0,39,1,2,0,0,1
1,1,5.8,0,-1,1,5,0,0,0,-1,0,0,9,0,33,0,40,1,2,0,0,1
-1,1,7.333333333333333,0,-1,0,3,0,0,0,-1,0,0,16,0,24,0,31,1,2,0,0,1
1,1,8.333333333333334,0,-1,0,3,0,0,0,9582421,1,1,19,0,27,0,34,1,2,0,0,1
-1,1,9.333333333333334,0,-1,0,3,0,0,0,8379170,0,0,22,0,30,0,37,1,2,0,0,1
-1,1,5.333333333333333,0,-1,0,3,0,0,0,-1,0,0,10,0,18,0,25,45,2,0,0,1
1,0,7.333333333333333,0,-1,0,3,0,0,0,-1,0,0,16,0,24,0,31,0,2,0,0,1
1,1,7.0,0,-1,0,3,0,0,0,-1,0,0,15,0,23,0,30,21,2,0,0,1
1,1,6.0,0,-1,1,3,0,0,0,-1,0,0,12,0,20,0,27,21,2,0,0,1
1,0,7.333333333333333,0,-1,1,3,0,0,0,19007643,0,0,16,0,24,0,31,1,2,0,0,1
1,1,7.333333333333333,0,-1,0,3,0,0,0,-1,0,0,16,0,24,0,31,52,2,0,0,1
1,1,4.333333333333333,0,-1,0,3,0,0,0,-1,0,0,7,0,15,0,22,50,2,0,0,1
1,1,6.0,0,-1,0,3,0,0,0,-1,0,0,12,0,20,0,27,0,2,0,0,1
-1,1,4.25,0,-1,0,4,0,0,0,-1,0,0,9,0,20,0,27,0,2,0,0,1
-1,1,4.75,0,-1,0,4,0,0,0,-1,0,0,8,0,22,0,29,0,2,0,0,1
1,1,5.333333333333333,0,-1,1,3,0,0,0,-1,0,0,10,0,18,0,25,43,2,0,0,1
1,1,9.0,0,-1,0,3,0,0,0,-1,0,0,21,0,29,0,36,1,2,0,0,1
-1,-1,7.333333333333333,0,745,5,3,0,0,0,424,-1,-1,16,0,24,0,31,-1,2,0,-1,1
-1,-1,4.0,0,-1,0,4,0,0,0,-1,-1,-1,7,0,19,0,26,-1,2,0,-1,1
1,1,4.2,0,-1,0,5,0,0,0,-1,0,0,10,0,25,0,32,16,3,0,0,1
-1,1,2.75,0,-1,0,4,0,0,0,-1,0,0,4,0,14,0,21,3,2,0,0,1
1,1,4.6,0,-1,0,5,0,0,0,-1,0,0,10,0,27,0,34,1,3,0,0,1
-1,0,4.75,0,75620,-1,4,0,0,0,61969,0,0,7,0,22,0,29,0,3,0,0,1
-1,1,2.75,0,-1,0,4,0,0,0,-1,0,0,4,0,14,0,22,5,2,0,0,1
1,1,3.0,0,78000,17,4,0,0,0,207090,0,0,4,0,15,0,22,13,2,0,0,1
1,1,5.0,0,-1,13,4,0,0,0,-1,0,0,9,0,23,0,30,0,2,0,0,1
-1,0,4.5,0,-1,0,4,0,0,0,18780256,0,0,9,0,21,0,28,0,2,0,0,1
0,0,4.666666666666667,0,-1,-1,3,0,0,0,-1,0,0,8,0,16,0,23,10,2,0,0,1
1,2,5.333333333333333,0,-1,0,3,0,0,0,-1,0,0,11,0,18,0,25,7,2,0,0,1
-1,-1,5.0,0,-1,1,3,0,0,0,-1,-1,-1,10,0,17,0,24,-1,2,0,-1,1
-1,1,8.666666666666666,0,-1,0,3,0,0,0,-1,0,0,21,0,28,0,35,39,2,0,0,1
1,1,7.666666666666667,0,-1,0,3,0,0,0,-1,0,0,18,0,25,0,32,26,2,0,0,1
0,1,7.333333333333333,0,-1,-1,3,0,0,0,-1,0,0,17,0,24,0,31,17,2,0,0,1
0,1,6.333333333333333,0,-1,-1,3,0,0,0,-1,0,0,14,0,21,0,28,45,2,0,0,1
0,1,7.0,0,-1,-1,3,0,0,0,-1,0,0,16,0,23,0,30,15,2,0,0,1
0,1,7.0,0,-1,-1,3,0,0,0,-1,0,0,16,0,23,0,30,15,2,0,0,1
0,1,7.666666666666667,0,-1,-1,3,0,0,0,-1,0,0,18,0,25,0,32,15,2,0,0,1
0,1,6.666666666666667,0,-1,-1,3,0,0,0,-1,0,0,15,0,22,0,29,22,2,0,0,1
0,1,5.75,0,-1,-1,4,0,0,0,-1,0,0,9,0,26,0,33,15,2,0,0,1
-1,-1,8.333333333333334,0,-1,0,3,0,0,0,-1,-1,-1,19,0,27,0,34,-1,2,0,-1,1
0,1,5.0,0,-1,-1,3,0,0,0,-1,1,1,9,0,17,0,24,15,2,0,0,1
0,1,7.0,0,-1,-1,3,0,0,0,-1,0,0,15,0,23,0,30,16,2,0,0,1
0,0,9.666666666666666,0,-1,-1,3,0,0,0,-1,0,0,23,0,31,0,38,0,2,0,0,1
0,1,5.666666666666667,0,-1,-1,3,0,0,0,-1,0,0,11,0,19,0,26,1,2,0,1,1
-1,1,7.666666666666667,0,-1,0,3,0,0,0,-1,0,0,17,0,25,0,32,25,2,0,0,1
1,0,6.0,0,-1,0,4,0,0,0,-1,0,0,9,0,27,0,34,0,2,0,0,1
1,0,7.0,0,-1,0,3,0,0,0,-1,0,0,15,0,23,0,30,0,2,0,0,1
1,1,7.0,0,-1,1,3,0,0,0,-1,0,0,15,0,23,0,30,52,2,0,0,1
1,1,6.25,0,-1,0,4,0,0,0,14954153,0,0,11,0,28,0,35,73,2,0,0,1
-1,1,3.75,0,-1,0,4,0,0,0,-1,0,0,7,0,18,0,25,76,2,0,0,1
-1,1,4.666666666666667,0,-1,1,3,0,0,0,-1,0,0,8,0,16,0,23,31,2,0,0,1
-1,1,7.666666666666667,0,-1,0,3,0,0,0,-1,0,0,17,0,25,0,32,35,2,0,0,1
-1,1,6.333333333333333,0,-1,0,3,0,0,0,12619811,0,0,13,0,21,0,28,35,2,0,0,1
1,0,6.333333333333333,0,-1,0,3,0,0,0,-1,0,0,12,0,21,0,28,1,2,0,0,1
1,1,7.666666666666667,0,-1,-1,3,0,0,0,-1,0,0,17,0,25,0,32,3,2,0,0,1
-1,-1,7.666666666666667,0,-1,0,3,0,0,0,-1,-1,-1,17,0,25,0,32,-1,2,0,-1,1
1,1,8.666666666666666,0,-1,0,3,0,0,0,-1,0,0,20,0,28,0,35,0,2,0,0,1
-1,1,6.0,0,-1,1,3,0,0,0,-1,0,0,11,0,20,0,27,12,2,0,0,1
-1,1,8.0,0,-1,0,3,0,0,0,-1,0,0,17,0,26,0,33,73,2,0,0,1
1,1,4.333333333333333,0,-1,0,3,0,0,0,-1,0,0,6,0,15,0,22,1,2,0,0,1
1,1,4.333333333333333,0,-1,0,3,0,0,0,-1,0,0,6,0,15,0,22,80,2,0,0,1
-1,1,6.333333333333333,0,-1,0,3,0,0,0,15038986,0,0,13,0,21,0,28,11,2,0,0,1
1,1,5.333333333333333,0,-1,0,3,0,0,0,-1,0,0,10,0,18,0,25,1,2,0,0,1
1,1,6.333333333333333,0,-1,0,3,0,0,0,-1,0,0,13,0,21,0,28,7,2,0,0,1
1,1,6.666666666666667,0,-1,0,3,0,0,0,-1,0,0,14,0,22,0,29,5,2,0,0,1
-1,-1,5.333333333333333,0,-1,0,3,0,0,0,-1,-1,-1,10,0,18,0,25,-1,2,0,-1,1
1,1,5.333333333333333,0,-1,0,3,0,0,0,-1,0,0,10,0,18,0,25,1,2,0,0,1
1,1,6.0,0,-1,0,3,0,0,0,-1,0,0,12,0,20,0,27,1,2,0,0,1
-1,1,5.666666666666667,0,-1,0,3,0,0,0,-1,0,0,11,0,19,0,26,18,2,0,0,1
1,1,5.5,0,-1,0,4,0,0,0,-1,0,0,8,0,25,0,32,1,2,0,0,1
1,1,9.666666666666666,0,-1,0,3,0,0,0,-1,0,0,23,0,31,0,38,6,2,0,0,1
1,1,7.0,0,-1,0,3,0,0,0,19123501,0,0,15,0,23,0,30,0,2,0,0,1
1,1,9.0,0,-1,0,3,0,0,0,-1,0,0,21,0,29,0,36,1,2,0,0,1
-1,0,9.0,0,765449,0,3,0,0,0,4755806,0,0,21,0,29,0,36,0,2,0,0,1
-1,2,8.333333333333334,0,3623,0,3,0,0,0,1948209,0,0,19,0,27,0,34,416,2,0,0,1
1,1,9.333333333333334,0,-1,0,3,0,0,0,-1,0,0,22,0,30,0,37,13,2,0,0,1
1,1,12.0,0,-1,0,3,0,0,0,-1,0,0,31,0,38,0,45,44,2,0,0,1
1,1,7.333333333333333,0,-1,0,3,0,0,0,-1,0,0,17,0,24,0,31,20,2,0,0,1
1,0,7.0,0,-1,0,3,0,0,0,-1,0,0,16,0,23,0,30,0,2,0,0,1
1,1,9.666666666666666,0,-1,0,3,0,0,0,-1,0,0,24,0,31,0,38,14,2,0,0,1
1,1,6.666666666666667,0,-1,0,3,0,0,0,-1,0,0,14,0,22,0,29,3,2,0,0,1
1,1,6.333333333333333,0,-1,0,3,0,0,0,-1,0,0,13,0,21,0,28,17,2,0,0,1
-1,-1,8.333333333333334,0,-1,0,3,0,0,0,-1,-1,-1,19,0,27,0,34,-1,2,0,-1,1
-1,-1,8.666666666666666,0,-1,0,3,0,0,0,-1,-1,-1,20,0,28,0,35,-1,2,0,-1,1
1,1,8.666666666666666,0,-1,0,3,0,0,0,14268863,0,0,20,0,28,0,35,1,2,0,0,1
-1,-1,6.333333333333333,0,-1,0,3,0,0,0,-1,-1,-1,13,0,21,0,28,-1,2,0,-1,1
-1,-1,8.333333333333334,0,-1,0,3,0,0,0,16475320,-1,-1,19,0,27,0,34,-1,2,0,-1,1
-1,-1,7.333333333333333,0,-1,0,3,0,0,0,17101563,-1,-1,16,0,24,0,31,-1,2,0,-1,1
0,1,5.666666666666667,0,-1,-1,3,0,0,0,-1,0,0,11,0,19,0,26,5,2,0,0,1
0,1,6.666666666666667,0,-1,-1,3,0,0,0,-1,1,1,14,0,22,0,29,10,2,0,0,1
0,1,6.0,0,-1,-1,3,0,0,0,12925992,0,0,12,0,20,0,27,5,2,0,0,1
0,1,8.0,0,-1,-1,3,0,0,0,-1,0,0,18,0,26,0,33,5,2,0,0,1
-1,-1,8.0,0,-1,0,3,0,0,0,-1,-1,-1,18,0,26,0,33,-1,2,0,-1,1
-1,-1,7.0,0,-1,0,3,0,0,0,12878807,-1,-1,15,0,23,0,30,-1,2,0,-1,1
-1,-1,9.0,0,-1,0,3,0,0,0,-1,-1,-1,21,0,29,0,36,-1,2,0,-1,1
1,1,4.0,0,-1,0,4,0,0,0,-1,0,0,5,0,19,0,26,1,2,0,0,1
1,1,3.6666666666666665,0,-1,0,3,0,0,0,-1,0,0,5,0,13,0,20,1,2,0,0,1
-1,1,5.0,0,-1,0,3,0,0,0,-1,0,0,9,0,17,0,24,1,2,0,0,1
1,0,6.666666666666667,0,-1,0,3,0,0,0,-1,0,0,14,0,22,0,29,0,2,0,0,1
-1,-1,4.75,0,-1,0,4,0,0,0,-1,-1,-1,7,0,22,0,29,-1,2,0,-1,1
-1,-1,3.25,0,-1,0,4,0,0,0,-1,-1,-1,5,0,16,0,23,-1,2,0,-1,1
1,1,6.666666666666667,0,-1,0,3,0,0,0,-1,0,0,15,0,22,0,29,1,2,0,0,1
1,1,6.333333333333333,0,-1,0,3,0,0,0,6898089,0,0,14,0,21,0,29,11,2,0,0,1
0,1,7.333333333333333,0,474932,0,3,0,0,0,5726006,0,0,16,0,24,0,31,17,2,0,0,1
1,1,12.5,0,-1,0,2,0,0,0,14869745,0,0,22,0,26,0,33,12,1,0,0,1
1,1,5.666666666666667,0,-1,0,3,0,0,0,-1,0,0,11,0,19,0,26,15,2,0,0,1
1,1,6.666666666666667,0,-1,1,3,0,0,0,20198596,0,0,14,0,22,0,29,0,2,0,0,1
1,1,6.0,0,-1,0,3,0,0,0,-1,0,0,12,0,20,0,27,0,2,0,0,1
-1,-1,4.666666666666667,0,-1,0,3,0,0,0,20489312,-1,-1,8,0,16,0,23,-1,2,0,-1,1
1,1,7.333333333333333,0,-1,0,3,0,0,0,9115660,0,0,16,0,24,0,31,1,2,0,0,1
1,1,5.0,0,-1,0,3,0,0,0,-1,0,0,9,0,17,0,24,1,2,0,0,1
1,1,8.666666666666666,0,-1,0,3,0,0,0,6465600,0,0,20,0,28,0,35,1,2,0,0,1
-1,-1,5.75,0,-1,0,4,0,0,0,-1,-1,-1,9,0,26,0,33,-1,2,0,-1,1
-1,-1,8.0,0,-1,1,3,0,0,0,-1,-1,-1,18,0,26,0,33,-1,2,0,-1,1
-1,1,5.333333333333333,0,-1,0,3,0,0,0,-1,0,0,10,0,18,0,25,24,2,0,0,1
-1,-1,4.333333333333333,0,-1,0,3,0,0,0,-1,-1,-1,7,0,15,0,22,-1,2,0,-1,1
-1,-1,9.0,0,-1,0,3,0,0,0,-1,-1,-1,21,0,29,0,36,-1,2,0,-1,1
-1,1,5.333333333333333,0,-1,0,3,0,0,0,-1,0,0,10,0,18,0,25,17,2,0,0,1
0,0,5.0,0,-1,0,3,0,0,0,-1,0,0,9,0,17,0,24,0,2,0,0,1
-1,-1,6.5,0,-1,0,4,0,0,0,-1,-1,-1,12,0,29,0,36,-1,2,0,-1,1
-1,-1,4.0,0,-1,0,4,0,0,0,-1,-1,-1,8,0,19,0,26,-1,2,0,-1,1
-1,-1,6.0,0,-1,0,4,0,0,0,-1,-1,-1,15,0,27,0,34,-1,2,0,-1,1
-1,-1,5.666666666666667,0,-1,-1,3,0,0,0,-1,-1,-1,11,0,19,0,26,-1,2,0,-1,1
-1,1,9.333333333333334,0,-1,0,3,0,0,0,-1,0,0,22,0,30,0,37,45,2,0,0,1
-1,-1,5.0,0,-1,0,3,0,0,0,-1,-1,-1,9,0,17,0,24,-1,2,0,-1,1
-1,-1,5.666666666666667,0,-1,0,3,0,0,0,-1,-1,-1,11,0,19,0,26,-1,2,0,-1,1
-1,-1,4.0,0,-1,0,3,0,0,0,-1,-1,-1,6,0,14,0,21,-1,2,0,-1,1
-1,0,2.75,0,-1,0,4,0,0,0,-1,0,0,3,0,14,0,21,0,2,0,0,1
-1,-1,11.25,0,-1,0,4,0,0,0,-1,-1,-1,26,0,48,0,55,-1,3,0,-1,1
-1,-1,6.0,0,-1,0,3,0,0,0,-1,-1,-1,12,0,20,0,27,-1,2,0,-1,1
-1,-1,5.333333333333333,0,-1,0,3,0,0,0,-1,-1,-1,10,0,18,0,25,-1,2,0,-1,1
-1,1,3.6666666666666665,0,-1,1,3,0,0,0,-1,0,0,5,0,13,0,20,1,2,0,0,1
1,1,4.0,0,-1,-1,3,0,0,0,-1,0,0,6,0,14,0,21,36,2,0,0,1
-1,-1,9.0,0,-1,0,3,0,0,0,-1,-1,-1,21,0,29,0,36,-1,2,0,-1,1
-1,0,9.666666666666666,0,-1,-1,3,0,0,0,-1,0,0,23,0,31,0,38,0,2,0,0,1
-1,1,9.333333333333334,0,-1,-1,3,0,0,0,-1,0,0,22,0,30,0,37,14,2,0,2,1
-1,-1,9.333333333333334,0,-1,0,3,0,0,0,-1,-1,-1,22,0,30,0,37,-1,2,0,-1,1
-1,-1,10.0,0,-1,0,3,0,0,0,-1,-1,-1,24,0,32,0,39,-1,2,0,-1,1
1,1,5.333333333333333,0,-1,0,3,0,0,0,-1,1,1,10,0,18,0,25,1,2,0,0,1
1,1,9.0,0,206302,0,3,0,0,0,6749691,0,0,21,0,29,0,36,30,2,0,0,1
1,1,9.333333333333334,0,-1,0,3,0,0,0,-1,0,0,22,0,30,0,37,53,2,0,0,1
-1,-1,7.333333333333333,0,-1,0,3,0,0,0,-1,-1,-1,16,0,24,0,31,-1,2,0,-1,1
-1,-1,6.25,0,-1,0,4,0,0,0,-1,-1,-1,11,0,28,0,35,-1,2,0,-1,1
1,1,6.5,0,-1,0,4,0,0,0,20883113,0,0,13,0,29,0,36,27,2,0,0,1
-1,-1,11.0,0,-1,0,2,0,0,0,16908609,-1,-1,19,0,23,0,31,-1,1,0,-1,1
1,0,6.333333333333333,0,-1,0,3,0,0,0,-1,0,0,13,0,21,0,28,0,2,0,0,1
1,0,6.0,0,-1,0,4,0,0,0,-1,0,0,15,0,27,0,34,0,2,0,0,1
1,1,4.333333333333333,0,-1,-1,3,0,0,0,-1,0,0,7,0,15,0,22,2,2,0,0,1
1,2,7.333333333333333,0,-1,0,3,0,0,0,-1,0,0,16,0,24,0,31,18,2,0,0,1
1,1,5.666666666666667,0,-1,0,3,0,0,0,21768919,0,0,11,0,19,0,26,39,2,0,0,1
-1,1,6.333333333333333,0,-1,0,3,0,0,0,-1,0,0,13,0,21,0,28,11,2,0,0,1
1,1,5.0,0,-1,0,3,0,0,0,-1,0,0,9,0,17,0,24,49,2,0,0,1
-1,-1,7.0,0,-1,0,3,0,0,0,-1,-1,-1,15,0,23,0,30,-1,2,0,-1,1
-1,1,8.333333333333334,0,-1,0,3,0,0,0,-1,0,0,19,0,27,0,34,1,2,0,0,1
-1,1,4.666666666666667,0,-1,0,3,0,0,0,-1,0,0,8,0,16,0,23,5,2,0,0,1
1,1,4.0,0,-1,0,3,0,0,0,16988374,0,0,6,0,14,0,21,29,2,0,0,1
1,0,4.5,0,24838,0,4,0,0,0,7051917,0,0,9,0,21,0,28,0,2,0,0,1
1,0,6.333333333333333,0,-1,0,3,0,0,0,13926034,0,0,13,0,21,0,28,0,2,0,0,1
1,1,4.4,0,-1,0,5,0,0,0,-1,0,0,8,0,26,0,33,1,3,0,0,1
1,1,4.5,0,-1,0,4,0,0,0,-1,0,0,7,0,21,0,28,1,2,0,0,1
1,0,3.25,0,-1,0,4,0,0,0,-1,0,0,4,0,16,0,23,0,2,0,0,1
1,0,3.5,0,-1,0,4,0,0,0,-1,0,0,6,0,17,0,24,0,2,0,0,1
1,0,8.333333333333334,0,-1,0,3,0,0,0,-1,0,0,19,0,27,0,34,0,2,0,0,1
1,0,4.333333333333333,0,-1,0,3,0,0,0,14558213,0,0,7,0,15,0,22,0,2,0,0,1
1,0,6.0,0,-1,0,4,0,0,0,16609340,0,0,10,0,27,0,34,0,2,0,0,1
1,0,8.333333333333334,0,-1,0,3,0,0,0,20235927,0,0,19,0,27,0,35,0,2,0,0,1
-1,-1,5.333333333333333,0,-1,0,3,0,0,0,-1,-1,-1,10,0,18,0,25,-1,2,0,-1,1
1,1,9.666666666666666,0,-1,0,3,0,0,0,-1,0,0,23,0,31,0,38,21,2,0,0,1
-1,-1,6.0,0,-1,0,4,0,0,0,-1,-1,-1,11,0,27,0,34,-1,3,0,-1,1
1,1,6.333333333333333,0,1561,1,3,0,0,0,3807,0,0,13,0,21,0,28,15,2,0,0,1
-1,-1,5.333333333333333,0,-1,0,3,0,0,0,-1,-1,-1,11,0,18,0,25,-1,2,0,-1,1
-1,-1,6.0,0,358575,10,3,0,0,0,515754,-1,-1,12,0,20,0,27,-1,2,0,-1,1
1,1,5.666666666666667,0,-1,0,3,0,0,0,-1,0,0,11,0,19,0,26,1,2,0,0,1
1,1,8.333333333333334,0,-1,0,3,0,0,0,9980726,0,0,19,0,27,0,34,0,2,0,0,1
-1,-1,7.666666666666667,0,-1,0,3,0,0,0,-1,-1,-1,17,0,25,0,32,-1,2,0,-1,1
1,1,9.666666666666666,0,-1,0,3,0,0,0,-1,0,0,23,0,31,0,38,16,2,0,0,1
-1,-1,9.333333333333334,0,-1,0,3,0,0,0,19656711,-1,-1,22,0,30,0,37,-1,2,0,-1,1
1,0,8.666666666666666,0,-1,0,3,0,0,0,-1,0,0,20,0,28,0,35,0,2,0,0,1
1,1,8.333333333333334,0,-1,0,3,0,0,0,20190410,0,0,19,0,27,0,35,39,2,0,0,1
1,0,8.0,0,-1,0,3,0,0,0,14557307,0,0,18,0,26,0,33,0,2,0,0,1
1,0,6.0,0,-1,0,3,0,0,0,12312505,0,0,12,0,20,0,27,0,2,0,0,1
1,1,7.0,0,-1,0,3,0,0,0,-1,0,0,15,0,23,0,30,95,2,0,0,1
1,0,7.666666666666667,0,-1,0,3,0,0,0,-1,0,0,17,0,25,0,32,0,2,0,0,1
1,0,9.0,0,-1,0,3,0,0,0,12292055,0,0,21,0,29,0,37,0,2,0,0,1
-1,-1,9.666666666666666,0,-1,0,3,0,0,0,-1,-1,-1,23,0,31,0,38,-1,2,0,-1,1
-1,-1,6.0,0,-1,0,3,0,0,0,-1,-1,-1,12,0,20,0,27,-1,2,0,-1,1
-1,-1,5.0,0,-1,0,3,0,0,0,-1,-1,-1,9,0,17,0,24,-1,2,0,-1,1
1,1,4.0,0,-1,3,4,0,0,0,9054927,0,0,5,0,19,0,26,1,2,0,0,1
-1,-1,4.0,0,-1,0,3,0,0,0,-1,-1,-1,6,0,14,0,21,-1,2,0,-1,1
-1,-1,4.666666666666667,0,-1,0,3,0,0,0,-1,-1,-1,8,0,16,0,23,-1,2,0,-1,1
-1,-1,6.0,0,-1,0,3,0,0,0,-1,-1,-1,12,0,20,0,27,-1,2,0,-1,1
1,1,5.0,0,-1,0,3,0,0,0,11644404,0,0,9,0,17,0,24,23,2,0,0,1
-1,-1,5.666666666666667,0,-1,0,3,0,0,0,9190646,-1,-1,11,0,19,0,26,-1,2,0,-1,1
-1,-1,6.666666666666667,0,-1,0,3,0,0,0,-1,-1,-1,14,0,22,0,29,-1,2,0,-1,1
1,1,8.333333333333334,0,-1,0,3,0,0,0,-1,0,0,19,0,27,0,34,1,2,0,0,1
1,1,8.666666666666666,0,412695,0,3,0,0,0,8533298,0,0,20,0,28,0,35,64,2,0,6,1
1,1,10.333333333333334,0,-1,0,3,0,0,0,-1,0,0,25,0,33,0,40,83,2,0,0,1
-1,-1,6.666666666666667,0,-1,0,3,0,0,0,-1,-1,-1,14,0,22,0,29,-1,2,0,-1,1
-1,1,2.5,0,-1,0,4,0,0,0,-1,0,0,3,0,13,0,20,1,3,0,0,1
-1,-1,6.333333333333333,0,-1,0,3,0,0,0,-1,-1,-1,13,0,21,0,28,-1,2,0,-1,1
0,1,7.666666666666667,0,-1,1,3,0,0,0,-1,0,0,17,0,25,0,32,5,2,0,0,1
-1,-1,8.333333333333334,0,316282,0,3,0,0,0,4951641,-1,-1,19,0,27,0,34,-1,2,0,-1,1
1,0,4.75,0,-1,0,4,0,0,0,7916381,0,0,7,0,22,0,29,0,2,0,0,1
1,1,6.0,0,-1,0,3,0,0,0,-1,0,0,12,0,20,0,27,1,2,0,0,1
0,1,6.0,0,-1,0,3,0,0,0,16965508,0,0,12,0,20,0,27,1,2,0,0,1
-1,-1,9.0,0,-1,0,3,0,0,0,23736673,-1,-1,21,0,29,0,36,-1,2,0,-1,1
-1,-1,6.333333333333333,0,-1,0,3,0,0,0,15233063,-1,-1,13,0,21,0,28,-1,2,0,-1,1
-1,-1,6.333333333333333,0,-1,0,3,0,0,0,-1,-1,-1,13,0,21,0,28,-1,2,0,-1,1
1,0,5.0,0,-1,0,3,0,0,0,-1,0,0,9,0,17,0,24,0,2,0,0,1
1,1,7.666666666666667,0,-1,0,3,0,0,0,12224814,0,0,17,0,25,0,32,39,2,0,0,1
1,1,7.666666666666667,0,-1,0,3,0,0,0,-1,0,0,17,0,25,0,32,38,2,0,0,1
1,1,7.333333333333333,0,-1,0,3,0,0,0,-1,0,0,17,0,24,0,31,51,2,0,0,1
-1,-1,9.666666666666666,0,-1,1,3,0,0,0,-1,-1,-1,24,0,31,0,38,-1,2,0,-1,1
1,1,5.25,0,-1,0,4,0,0,0,16573069,0,0,13,0,24,0,31,55,2,0,0,1
1,0,6.0,0,-1,0,3,0,0,0,-1,0,0,10,0,20,0,27,0,2,0,0,1
-1,-1,8.0,0,-1,0,3,0,0,0,-1,-1,-1,18,0,26,0,33,-1,2,0,-1,1
1,1,10.666666666666666,0,-1,0,3,0,0,0,-1,0,0,26,0,34,0,41,40,2,0,0,1
1,1,8.0,0,-1,0,3,0,0,0,-1,0,0,18,0,26,0,33,0,2,0,0,1
1,0,5.0,0,-1,0,5,0,0,0,-1,0,0,8,0,29,0,36,0,2,0,0,1
1,0,8.0,0,-1,0,3,0,0,0,12785433,0,0,18,0,26,0,33,0,2,0,0,1
-1,-1,2.75,0,-1,0,4,0,0,0,-1,-1,-1,3,0,14,0,21,-1,2,0,-1,1
1,0,6.333333333333333,0,-1,0,3,0,0,0,-1,0,0,13,0,21,0,28,0,2,0,0,1
-1,1,9.333333333333334,0,-1,0,3,0,0,0,-1,0,0,22,0,30,0,37,47,2,0,0,1
1,1,6.666666666666667,0,-1,2,3,0,0,0,-1,0,0,14,0,22,0,29,19,2,0,0,1
1,0,6.666666666666667,0,-1,0,3,0,0,0,-1,0,0,14,0,22,0,29,0,2,0,0,1
-1,1,6.333333333333333,0,-1,0,3,0,0,0,-1,0,0,13,0,21,0,29,35,2,0,0,1
-1,-1,3.5,0,-1,0,4,0,0,0,-1,-1,-1,5,0,17,0,24,-1,2,0,-1,1
-1,-1,6.333333333333333,0,-1,0,3,0,0,0,-1,-1,-1,13,0,21,0,28,-1,2,0,-1,1
-1,-1,6.0,0,-1,0,3,0,0,0,-1,-1,-1,12,0,20,0,27,-1,2,0,-1,1
-1,-1,6.666666666666667,0,-1,0,3,0,0,0,-1,-1,-1,14,0,22,0,29,-1,2,0,-1,1
1,1,7.0,0,-1,4,3,0,0,0,-1,0,0,15,0,23,0,30,14,2,0,0,1
-1,-1,5.5,0,-1,-1,4,0,0,0,-1,-1,-1,13,0,25,0,32,-1,2,0,-1,1
-1,-1,9.0,0,-1,0,4,0,0,0,-1,-1,-1,27,0,39,0,46,-1,3,0,-1,1
-1,-1,6.0,0,-1,0,3,0,0,0,-1,-1,-1,12,0,20,0,27,-1,2,0,-1,1
-1,-1,3.3333333333333335,0,-1,0,3,0,0,0,-1,-1,-1,4,0,12,0,19,-1,2,0,-1,1
-1,-1,6.333333333333333,0,-1,0,3,0,0,0,-1,-1,-1,13,0,21,0,28,-1,2,0,-1,1
-1,-1,5.5,0,-1,0,4,0,0,0,-1,-1,-1,12,0,25,0,32,-1,2,0,-1,1
-1,-1,6.0,0,-1,0,4,0,0,0,-1,-1,-1,17,0,27,0,35,-1,3,0,-1,1
1,0,4.333333333333333,0,-1,0,3,0,0,0,16140217,0,0,7,0,15,0,22,0,2,0,0,1
0,1,6.333333333333333,0,-1,2,3,0,0,0,-1,0,0,13,0,21,0,28,5,2,0,0,1
-1,1,4.5,0,-1,0,4,0,0,0,-1,0,0,9,0,21,0,28,0,2,0,0,1
-1,1,7.333333333333333,0,745,5,3,0,0,0,424,0,0,17,0,24,0,31,1,2,0,0,1
0,1,8.25,0,-1,0,4,0,0,0,9220367,0,0,23,0,36,0,43,29,2,0,0,1
-1,1,7.666666666666667,0,-1,-1,3,0,0,0,-1,0,0,18,0,25,0,32,12,2,0,0,1
-1,-1,6.0,0,-1,0,3,0,0,0,-1,-1,-1,13,0,20,0,27,-1,2,0,-1,1
-1,-1,6.666666666666667,0,-1,0,3,0,0,0,-1,-1,-1,14,0,22,0,29,-1,2,0,-1,1
-1,-1,9.0,0,-1,0,3,0,0,0,-1,-1,-1,22,0,29,0,36,-1,2,0,-1,1
-1,-1,4.333333333333333,0,-1,0,3,0,0,0,-1,-1,-1,8,0,15,0,22,-1,2,0,-1,1
0,1,6.333333333333333,0,-1,0,3,0,0,0,-1,0,0,13,0,21,0,28,18,2,0,0,1
-1,-1,4.666666666666667,0,-1,0,3,0,0,0,-1,-1,-1,9,0,16,0,23,-1,2,0,-1,1
-1,-1,7.333333333333333,0,-1,0,3,0,0,0,-1,-1,-1,16,0,24,0,31,-1,2,0,-1,1
1,1,6.666666666666667,0,-1,0,3,0,0,0,-1,0,0,14,0,22,0,29,10,2,0,2,1
0,1,6.666666666666667,0,-1,0,3,0,0,0,-1,0,0,14,0,22,0,29,1,2,0,0,1
1,1,7.666666666666667,0,-1,0,3,0,0,0,-1,0,0,17,0,25,0,32,30,2,0,0,1
1,1,7.333333333333333,0,-1,0,3,0,0,0,-1,0,0,16,0,24,0,31,0,2,0,0,1
1,1,7.666666666666667,0,-1,0,3,0,0,0,-1,0,0,17,0,25,0,32,0,2,0,0,1
-1,-1,9.333333333333334,0,30734,10,3,0,0,0,60990,-1,-1,22,0,30,0,37,-1,2,0,-1,1
-1,-1,6.0,0,-1,0,3,0,0,0,16676769,-1,-1,12,0,20,0,27,-1,2,0,-1,1
-1,-1,9.0,0,-1,0,3,0,0,0,10142618,-1,-1,21,0,29,0,36,-1,2,0,-1,1
1,1,3.5,0,-1,0,4,0,0,0,-1,0,0,5,0,17,0,24,54,2,0,0,1
1,1,8.0,0,-1,0,3,0,0,0,8503759,0,0,18,0,26,0,33,48,2,0,0,1
-1,1,6.333333333333333,0,-1,2,3,0,0,0,17217281,0,0,13,0,21,0,28,1,2,0,0,1
1,1,8.666666666666666,0,-1,0,3,0,0,0,-1,0,0,20,0,28,0,35,0,2,0,0,1
1,1,6.0,0,-1,0,3,0,0,0,11625311,0,0,12,0,20,0,27,74,2,0,0,1
-1,1,6.0,0,-1,0,4,0,0,0,6604817,0,0,10,0,27,0,34,70,2,0,0,1
-1,1,6.0,0,-1,0,5,0,0,0,-1,0,0,9,0,34,0,41,1,2,0,0,1
1,1,9.0,0,-1,0,3,0,0,0,14383040,0,0,21,0,29,0,36,1,2,0,0,1
-1,-1,8.666666666666666,0,-1,0,3,0,0,0,-1,-1,-1,20,0,28,0,35,-1,2,0,-1,1
1,1,7.666666666666667,0,-1,0,3,0,0,0,-1,0,0,17,0,25,0,32,1,2,0,0,1
1,0,7.0,0,-1,0,3,0,0,0,15167665,0,0,15,0,23,0,30,0,2,0,0,1
0,1,7.0,0,-1,0,3,0,0,0,-1,0,0,15,0,23,0,30,1,2,0,0,1
1,1,5.666666666666667,0,-1,0,3,0,0,0,-1,1,1,11,0,19,0,26,1,2,0,0,1
1,0,5.0,0,-1,0,3,0,0,0,-1,0,0,9,0,17,0,24,0,2,0,0,1
1,1,6.333333333333333,0,-1,0,3,0,0,0,14707896,0,0,13,0,21,0,28,39,2,0,0,1
1,0,5.666666666666667,0,-1,0,3,0,0,0,19708178,0,0,7,0,19,0,26,0,1,0,0,1
1,0,3.6666666666666665,0,-1,0,3,0,0,0,18483754,0,0,5,0,13,0,20,0,2,0,0,1
1,0,8.0,0,-1,0,3,0,0,0,19610974,0,0,18,0,26,0,33,0,2,0,0,1
1,0,9.666666666666666,0,-1,0,3,0,0,0,8891323,0,0,23,0,31,0,38,0,2,0,0,1
1,1,8.666666666666666,0,-1,0,3,0,0,0,15468996,0,0,20,0,28,0,35,33,2,0,0,1
1,1,4.5,0,1,20,2,0,0,0,2,0,0,6,0,10,0,17,1,1,0,0,0
1,0,5.5,0,3,20,2,0,0,0,3,0,0,8,0,12,0,19,0,1,0,0,0
1,0,5.0,0,2,12,2,0,0,0,1,0,0,7,0,11,0,18,0,1,0,0,0
1,0,4.0,0,7,22,2,0,0,0,6,0,0,5,0,9,0,16,0,1,0,0,0
1,1,4.0,0,1,18,2,0,0,0,4,0,0,5,0,9,0,16,0,1,0,0,0
1,0,6.0,0,6,16,2,0,0,0,5,0,0,9,0,13,0,20,0,1,0,0,0
1,1,2.5,0,2,22,2,0,0,0,7,0,0,3,0,6,0,13,0,1,0,0,0
-1,0,5.5,0,13,15,2,0,0,0,26,0,0,8,0,12,0,19,0,1,0,0,0
1,0,3.5,0,18,22,2,0,0,0,13,0,0,4,0,8,0,15,0,1,0,0,0
-1,0,5.0,0,8,17,2,0,0,0,12,0,0,7,0,11,0,18,0,1,0,0,0
1,1,4.5,0,4,23,2,0,0,0,14,0,0,6,0,10,0,17,0,1,0,0,0
1,1,4.5,0,3,14,2,0,0,0,10,0,0,6,0,10,0,17,0,1,0,0,0
1,1,5.5,0,45,17,2,0,0,0,51,0,0,8,0,12,0,19,1,1,0,0,0
1,1,3.3333333333333335,0,1,-1,3,0,0,0,9,0,0,6,0,12,0,19,1,2,0,0,0
1,1,6.0,0,50,17,2,0,0,0,35,0,0,9,0,13,0,20,0,1,0,0,0
1,1,3.0,0,6,-1,3,0,0,0,18,0,0,4,0,11,0,18,0,2,0,0,0
1,0,4.0,0,4,20,2,0,0,0,25,0,0,6,0,9,0,16,0,1,0,0,0
1,1,3.0,0,4,-1,3,0,0,0,52,0,0,5,0,11,0,18,10,2,0,0,0
1,0,3.5,0,25,21,2,0,0,0,33,0,0,4,0,8,0,15,0,1,0,0,0
1,0,4.5,0,16,17,2,0,0,0,48,0,0,6,0,10,0,17,0,1,0,0,0
1,1,4.0,0,1,-1,2,0,0,0,27,0,0,6,0,9,0,16,1,1,0,0,0
1,0,2.5,0,1,20,2,0,0,0,17,0,0,3,0,6,0,13,0,1,0,0,0
1,0,3.5,0,9,22,2,0,0,0,54,0,0,4,0,8,0,15,0,1,0,0,0
1,1,3.0,0,73,20,2,0,0,0,572,0,0,3,0,7,0,14,0,1,0,0,0
1,1,3.3333333333333335,0,1,18,3,0,0,0,29,0,0,6,0,12,0,19,1,2,0,0,0
-1,1,4.5,0,24,11,2,0,0,0,63,0,0,6,0,10,0,17,0,1,0,0,0
-1,1,6.0,0,26,8,2,0,0,0,68,0,0,9,0,13,0,20,1,1,0,0,0
1,1,4.0,0,1,17,2,0,0,0,31,0,0,6,0,9,0,16,1,1,0,0,0
1,0,4.0,0,33,30,2,0,0,0,56,0,0,5,0,9,0,16,0,1,0,0,0
-1,0,3.0,0,49,23,2,0,0,0,44,0,0,3,0,7,0,14,1,1,0,0,0
1,1,3.6666666666666665,0,1,-1,3,0,0,0,28,0,0,6,0,13,0,20,1,2,0,0,0
1,1,4.0,0,8,18,2,0,0,0,22,0,0,5,0,9,0,16,1,1,0,0,0
1,1,3.0,0,5,20,2,0,0,0,53,0,0,4,0,7,0,14,0,1,0,0,0
-1,0,6.0,0,35,26,2,0,0,0,43,0,0,9,0,13,0,20,1,1,0,0,0
1,1,3.3333333333333335,0,1,-1,3,0,0,0,21,0,0,6,0,12,0,19,1,2,0,0,0
1,1,3.5,0,19,19,2,0,0,0,93,0,0,4,0,8,0,15,0,1,0,0,0
-1,0,6.0,0,11,13,2,0,0,0,16,0,0,9,0,13,0,20,0,1,0,0,0
-1,0,3.0,0,88,19,2,0,0,0,97,0,0,3,0,7,0,14,0,1,0,0,0
1,0,4.5,0,27,18,2,0,0,0,66,0,0,6,0,10,0,17,0,1,0,0,0
1,1,3.6666666666666665,0,14,-1,3,0,0,0,42,0,0,6,0,13,0,20,1,2,0,0,0
1,1,4.0,0,2,13,2,0,0,0,30,0,0,6,0,9,0,16,1,1,0,0,0
1,1,5.0,0,218,18,2,0,0,0,123,0,0,7,0,11,0,18,1,1,0,0,0
-1,0,5.0,0,36,19,2,0,0,0,58,0,0,7,0,11,0,18,0,1,0,0,0
1,1,4.0,0,1,-1,2,0,0,0,49,0,0,6,0,9,0,16,1,1,0,0,0
1,1,4.0,0,4,20,2,0,0,0,8,0,0,5,0,9,0,16,0,1,0,0,0
1,1,3.5,0,30,21,2,0,0,0,60,0,0,4,0,8,0,15,1,1,0,0,0
1,1,4.0,0,1,-1,2,0,0,0,50,0,0,6,0,9,0,16,1,1,0,0,0
1,0,6.5,0,16,20,2,0,0,0,124,0,0,10,0,14,0,21,0,1,0,0,0
1,1,3.5,0,5,19,2,0,0,0,19,0,0,4,0,8,0,15,0,1,0,0,0
-1,1,2.5,0,9,-1,2,0,0,0,23,0,0,3,0,6,0,13,0,1,0,0,0
-1,1,2.5,0,103,19,2,0,0,0,376,0,0,3,0,6,0,13,200,1,0,0,0
1,0,2.3333333333333335,0,7,-1,3,0,0,0,99,0,0,3,0,9,0,16,0,2,0,0,0
1,0,5.5,0,71,10,2,0,0,0,85,0,0,8,0,12,0,19,0,1,0,0,0
-1,1,8.0,0,48,13,2,0,0,0,62,0,0,13,0,17,0,24,1,1,0,0,0
1,1,3.6666666666666665,0,1,-1,3,0,0,0,55,0,0,6,0,13,0,20,1,2,0,0,0
-1,1,3.3333333333333335,0,5,-1,3,0,0,0,75,0,0,6,0,12,0,19,0,2,0,0,0
-1,0,3.0,0,29,24,2,0,0,0,89,0,0,3,0,7,0,14,0,1,0,0,0
1,1,4.5,0,588,9,2,0,0,0,1610,0,0,6,0,10,0,17,0,1,0,0,0
1,1,4.0,0,1,17,2,0,0,0,57,0,0,6,0,9,0,16,1,1,0,0,0
-1,1,3.0,0,11,18,2,0,0,0,136,0,0,3,0,7,0,14,0,1,0,0,0
-1,0,4.0,0,12,8,2,0,0,0,45,0,0,5,0,9,0,16,0,1,0,0,0
-1,1,4.0,0,150,13,2,0,0,0,1543,0,0,5,0,9,0,16,694,1,0,0,0
1,1,6.0,0,547,14,2,0,0,0,379,0,0,9,0,13,0,20,0,1,0,0,0
1,-1,4.5,0,19703,17,2,0,0,0,156866,-1,-1,6,0,10,0,17,-1,1,0,-1,0
1,0,3.0,0,270,14,3,0,0,0,381,0,0,4,0,11,0,18,0,2,0,0,0
1,0,5.0,0,5939,19,2,0,0,0,24035,0,0,7,0,11,0,18,0,1,0,0,0
1,1,7.5,0,64,18,2,0,0,0,203,0,0,13,0,16,0,23,0,1,0,0,0
0,0,8.5,0,20581,15,2,0,0,0,108182,0,0,14,0,18,0,25,0,1,0,0,0
-1,-1,4.5,0,2257,22,2,0,0,0,3519,-1,-1,6,0,10,0,17,-1,1,0,-1,0
-1,-1,1.5,0,-1,4,2,0,0,0,1140996,-1,-1,2,0,4,0,11,-1,1,0,-1,0
-1,-1,4.0,0,1729,8,2,0,0,0,1153,-1,-1,6,0,9,0,16,-1,1,0,-1,0
1,1,3.6666666666666665,0,70,12,3,0,0,0,215,0,0,6,0,13,0,20,1,2,0,0,0
-1,0,5.0,0,19350,17,2,0,0,0,21818,0,0,7,0,11,0,18,0,1,0,0,0
1,1,5.0,0,23,7,2,0,0,0,32,0,0,7,0,11,0,18,13,1,0,0,0
-1,1,5.0,0,4,-1,2,0,0,0,98,0,0,8,0,11,0,18,0,1,0,0,0
1,1,4.0,0,1,-1,2,0,0,0,78,0,0,5,0,9,0,16,1,1,0,0,0
-1,1,3.0,0,99,18,2,0,0,0,209,0,0,3,0,7,0,14,0,1,0,0,0
1,0,3.0,0,21,17,2,0,0,0,34,0,0,4,0,7,0,14,0,1,0,0,0
1,1,4.5,0,-1,-1,2,0,0,0,-1,0,0,6,0,10,0,17,1,1,0,0,0
-1,1,3.6666666666666665,0,720,18,3,0,0,0,2832,0,0,6,0,13,0,20,1,2,0,0,0
-1,1,4.0,0,6390,13,2,0,0,0,29310,0,0,5,0,9,0,16,0,1,0,0,0
1,0,2.6666666666666665,0,6,-1,3,0,0,0,161,0,0,3,0,10,0,17,0,2,0,0,0
-1,0,4.0,0,5,12,2,0,0,0,11,0,0,6,0,9,0,16,0,1,0,0,0
-1,-1,2.6666666666666665,0,423,17,3,0,0,0,173,-1,-1,4,0,10,0,17,-1,2,0,-1,0
1,1,5.0,0,1,-1,2,0,0,0,76,0,0,7,0,11,0,18,1,1,0,0,0
-1,1,7.0,0,65,31,2,0,0,0,74,0,0,11,0,15,0,22,1,1,0,0,0
1,1,3.5,0,8,-1,2,0,0,0,167,0,0,4,0,8,0,15,1,1,0,0,0
1,1,4.666666666666667,0,1,15,3,0,0,0,84,0,0,6,0,16,0,23,1,1,0,0,0
1,0,4.333333333333333,0,9,19,3,0,0,0,181,0,0,9,0,15,0,22,0,2,0,0,0
-1,0,3.6666666666666665,0,10,20,3,0,0,0,24,0,0,7,0,13,0,20,0,2,0,0,0
1,0,6.5,0,48,12,2,0,0,0,122,0,0,10,0,14,0,21,0,1,0,0,0
1,1,3.0,0,86,23,2,0,0,0,134,0,0,3,0,7,0,14,0,1,0,0,0
1,1,4.5,0,4107,5,2,0,0,0,7072,0,0,6,0,10,0,17,0,1,0,0,0
1,0,8.0,4.25,109,-1,2,0,0,0,150,0,0,13,9,17,63,87,0,1,12,0,0
1,1,11.1,2.0,9,-1,10,0,0,0,119,0,0,62,2,120,4,131,1,9,1,0,0
1,1,4.333333333333333,5.666666666666667,9,11,3,0,0,0,64,0,0,8,9,15,40,62,0,3,6,0,0
1,1,7.666666666666667,12.25,80,22,3,0,0,0,269,0,0,17,32,25,53,85,1,3,4,0,0
-1,-1,7.666666666666667,12.25,121059,-1,3,0,0,0,1256495,-1,-1,17,32,25,53,85,-1,3,4,-1,0
1,1,6.5,5.8,1,20,2,0,0,0,2,0,0,11,9,14,34,55,1,2,5,0,0
-1,1,2.5,5.555555555555555,48,13,2,0,0,0,62,0,0,3,13,6,59,72,1,5,9,0,0
-1,1,6.5,4.909090909090909,-1,0,2,0,0,0,-1,0,0,10,7,14,65,86,1,3,11,0,1
-1,-1,5.5,6.722222222222222,-1,-1,2,0,0,0,-1,-1,-1,8,34,12,139,158,-1,5,18,-1,1
-1,-1,11.0,3.0,-1,-1,2,0,0,0,-1,-1,-1,19,3,23,5,35,-1,1,1,-1,1
-1,-1,4.666666666666667,6.4,-1,-1,3,0,0,0,-1,-1,-1,8,10,16,38,61,-1,3,5,-1,1
-1,-1,10.5,8.0,-1,-1,2,0,0,0,-1,-1,-1,19,14,22,45,74,-1,2,5,-1,1
-1,-1,7.5,8.5,-1,-1,2,0,0,0,-1,-1,-1,13,15,16,38,61,-1,2,4,-1,1
-1,-1,10.5,8.2,-1,-1,2,0,0,0,-1,-1,-1,19,15,22,46,75,-1,2,5,-1,1
-1,-1,8.0,16.75,-1,-1,2,0,0,0,-1,-1,-1,13,32,17,143,167,-1,1,8,-1,1
-1,-1,4.666666666666667,8.0,-1,9,3,0,0,0,-1,-1,-1,8,14,16,45,68,-1,2,5,-1,1
-1,-1,5.0,8.6,-1,-1,2,0,0,0,-1,-1,-1,7,14,11,48,66,-1,2,5,-1,1
1,1,6.0,5.5,-1,-1,4,0,0,0,-1,0,0,16,8,27,39,142,2,4,6,0,1
-1,-1,8.666666666666666,6.8,-1,-1,3,0,0,0,-1,-1,-1,20,14,28,39,74,-1,4,5,-1,1
1,-1,5.5,0,-1,-1,2,0,0,0,-1,-1,-1,8,0,12,0,19,-1,1,0,-1,1
-1,-1,3.6666666666666665,0,-1,-1,3,0,0,0,-1,-1,-1,6,0,13,0,20,-1,2,0,-1,1
1,1,9.0,0,-1,10,2,0,0,0,-1,0,0,15,0,19,0,26,12,1,0,0,1
1,1,7.0,0,-1,10,2,0,0,0,-1,0,0,11,0,15,0,22,12,1,0,0,1
1,1,7.0,0,-1,0,2,0,0,0,-1,0,0,11,0,15,0,22,1,1,0,0,1
1,-1,6.0,0,-1,-1,2,0,0,0,-1,-1,-1,9,0,13,0,20,-1,1,0,-1,1
-1,1,4.5,0,-1,-1,2,0,0,0,5366012,0,0,6,0,10,0,17,0,1,0,0,1
-1,-1,3.3333333333333335,0,-1,-1,3,0,0,0,-1,-1,-1,6,0,12,0,19,-1,2,0,-1,1
-1,-1,5.0,0,-1,-1,2,0,0,0,-1,-1,-1,8,0,11,0,18,-1,1,0,-1,1
1,0,5.0,0,-1,0,2,0,0,0,-1,0,0,7,0,11,0,18,1,1,0,0,1
1,0,5.0,0,-1,15,2,0,0,0,-1,0,0,7,0,11,0,18,0,1,0,0,1
1,1,4.0,0,-1,8,2,0,0,0,17888336,0,0,5,0,9,0,16,1,1,0,0,1
1,-1,6.0,0,-1,-1,2,0,0,0,-1,-1,-1,9,0,13,0,20,-1,1,0,-1,1
-1,-1,5.0,0,-1,17,2,0,0,0,-1,-1,-1,7,0,11,0,18,-1,1,0,-1,1
-1,-1,4.5,0,-1,-1,2,0,0,0,-1,-1,-1,6,0,10,0,17,-1,1,0,-1,1
-1,-1,3.6666666666666665,0,-1,17,3,0,0,0,-1,-1,-1,6,0,13,0,20,-1,2,0,-1,1
-1,0,5.0,0,-1,0,2,0,0,0,-1,0,0,7,0,11,0,18,0,1,0,0,1
1,1,3.3333333333333335,0,-1,-1,3,0,0,0,20715884,0,0,6,0,12,0,19,0,2,0,0,1
1,1,4.666666666666667,0,-1,6,3,0,0,0,-1,0,0,6,0,16,0,23,65,2,0,1,1
-1,-1,2.6666666666666665,0,166743,22,3,0,0,0,504006,-1,-1,3,0,10,0,17,-1,2,0,-1,1
-1,-1,5.0,0,-1,-1,2,0,0,0,-1,-1,-1,7,0,11,0,18,-1,1,0,-1,1
-1,-1,6.0,0,-1,-1,2,0,0,0,-1,-1,-1,9,0,13,0,20,-1,1,0,-1,1
-1,-1,7.0,0,-1,14,2,0,0,0,-1,-1,-1,11,0,15,0,22,-1,1,0,-1,1
-1,-1,5.5,0,-1,-1,2,0,0,0,-1,-1,-1,8,0,12,0,19,-1,1,0,-1,1
1,1,4.0,0,-1,-1,2,0,0,0,20715884,0,0,5,0,9,0,16,0,1,0,0,1
-1,-1,7.0,0,-1,10,2,0,0,0,-1,-1,-1,12,0,15,0,22,-1,1,0,-1,1
-1,0,5.0,0,-1,0,2,0,0,0,-1,0,0,7,0,11,0,18,0,1,0,0,1
1,1,8.0,0,-1,0,2,0,0,0,18444863,0,0,13,0,17,0,24,1,1,0,0,1
1,-1,5.666666666666667,0,-1,-1,3,0,0,0,-1,-1,-1,9,0,19,0,26,-1,2,0,-1,1
1,1,5.5,0,-1,15,2,0,0,0,-1,0,0,8,0,12,0,19,0,1,0,0,1
1,1,7.0,0,-1,-1,2,0,0,0,-1,0,0,11,0,15,0,22,0,1,0,0,1
-1,1,4.5,0,-1,10,2,0,0,0,-1,0,0,6,0,10,0,17,0,1,0,0,1
1,-1,4.5,0,-1,-1,2,0,0,0,-1,-1,-1,7,0,10,0,17,-1,1,0,-1,1
1,-1,3.3333333333333335,0,-1,-1,3,0,0,0,-1,-1,-1,6,0,12,0,19,-1,2,0,-1,1
-1,-1,6.5,0,-1,7,2,0,0,0,-1,-1,-1,10,0,14,0,21,-1,1,0,-1,1
-1,-1,4.0,0,-1,7,2,0,0,0,-1,-1,-1,5,0,9,0,16,-1,1,0,-1,1
1,-1,7.5,0,-1,-1,2,0,0,0,-1,-1,-1,12,0,16,0,23,-1,1,0,-1,1
1,1,5.5,0,16,18,2,0,0,0,383,0,0,8,0,12,0,19,1,1,0,0,0
1,1,2.5,0,1,-1,2,0,0,0,83,0,0,3,0,6,0,13,1,1,0,0,0
-1,0,6.0,0,10725,7,2,0,0,0,41010,0,0,9,0,13,0,20,11,1,0,0,0
1,0,4.5,0,792,16,2,0,0,0,1720,0,0,6,0,10,0,17,0,1,0,0,0
-1,0,4.0,0,108,23,2,0,0,0,115,0,0,5,0,9,0,16,0,1,0,0,0
1,0,7.0,0,27,15,2,0,0,0,131,0,0,11,0,15,0,22,0,1,0,0,0
-1,1,3.5,0,13,13,2,0,0,0,623,0,0,4,0,8,0,15,10,1,0,0,0
1,1,3.6666666666666665,0,1,-1,3,0,0,0,121,0,0,6,0,13,0,20,1,2,0,0,0
-1,1,6.5,0,3663,-1,2,0,0,0,6476,0,0,10,0,14,0,21,6,1,0,0,0
-1,0,3.5,0,60,22,2,0,0,0,234,0,0,4,0,8,0,15,0,1,0,0,0
1,0,4.5,0,88,19,2,0,0,0,73,0,0,6,0,10,0,17,0,1,0,0,0
1,1,4.0,0,1440,17,2,0,0,0,9563,0,0,6,0,9,0,16,0,1,0,0,0
0,0,4.5,0,199,17,2,0,0,0,194,0,0,6,0,10,0,17,1,1,0,0,0
1,1,5.5,0,80,12,2,0,0,0,777,0,0,8,0,12,0,19,0,1,0,0,0
1,0,3.6666666666666665,0,69,24,3,0,0,0,208,0,0,6,0,13,0,20,0,2,0,0,0
-1,1,3.0,0,36,-1,2,0,0,0,226,0,0,3,0,7,0,14,824,1,0,5,0
1,0,6.0,0,800,19,2,0,0,0,534,0,0,9,0,13,0,20,0,1,0,0,0
1,1,4.5,0,1,-1,2,0,0,0,148,0,0,7,0,10,0,17,1,1,0,0,0
1,0,4.0,0,331,11,2,0,0,0,494,0,0,5,0,9,0,16,0,1,0,0,0
1,1,7.0,0,60,-1,2,0,0,0,570,0,0,11,0,15,0,22,1,1,0,0,0
1,0,7.0,0,252,22,2,0,0,0,302,0,0,11,0,15,0,22,0,1,0,0,0
1,1,4.0,0,955,15,2,0,0,0,1804,0,0,6,0,9,0,16,1,1,0,0,0
1,1,5.5,0,209,18,2,0,0,0,336,0,0,8,0,12,0,19,0,1,0,0,0
-1,1,4.0,0,6873,11,2,0,0,0,45740,0,0,5,0,9,0,16,0,1,0,0,0
1,1,5.0,0,254,14,2,0,0,0,936,0,0,7,0,11,0,18,1,1,0,0,0
1,1,3.5,0,44,15,2,0,0,0,903,0,0,4,0,8,0,15,0,1,0,0,0
-1,0,5.0,0,141,13,2,0,0,0,143,0,0,7,0,11,0,18,0,1,0,0,0
1,0,3.3333333333333335,0,42,18,3,0,0,0,258,0,0,5,0,12,0,19,0,2,0,0,0
1,1,3.6666666666666665,0,315,17,3,0,0,0,175,0,0,6,0,13,0,20,0,2,0,0,0
-1,1,5.0,0,9,10,2,0,0,0,144,0,0,7,0,11,0,18,0,1,0,0,0
-1,1,3.0,0,1742,17,2,0,0,0,3229,0,0,4,0,7,0,14,102,1,0,2,0
-1,1,4.5,0,162,18,2,0,0,0,1706,0,0,6,0,10,0,17,50,1,0,0,0
1,0,10.0,0,23,-1,2,0,0,0,549,0,0,17,0,21,0,28,0,1,0,0,0
1,1,2.5,0,1,12,2,0,0,0,80,0,0,3,0,6,0,13,1,1,0,0,0
1,0,3.3333333333333335,0,43,19,3,0,0,0,179,0,0,6,0,12,0,19,0,2,0,0,0
1,0,3.0,0,31,22,2,0,0,0,151,0,0,4,0,7,0,14,0,1,0,0,0
-1,1,5.5,0,3623,16,2,0,0,0,8207,0,0,9,0,12,0,19,0,1,0,0,0
-1,0,3.6666666666666665,0,54,15,3,0,0,0,169,0,0,6,0,13,0,20,0,2,0,0,0
-1,1,5.5,0,7,25,2,0,0,0,20,0,0,9,0,12,0,19,0,1,0,0,0
1,1,4.333333333333333,0,1185,22,3,0,0,0,2278,0,0,8,0,15,0,22,0,2,0,0,0
1,0,8.0,0,264,18,2,0,0,0,294,0,0,13,0,17,0,24,0,1,0,0,0
1,0,3.0,0,231,10,2,0,0,0,635,0,0,3,0,7,0,14,0,1,0,0,0
1,1,4.333333333333333,0,6357,16,3,0,0,0,16736,0,0,9,0,15,0,22,1,2,0,0,0
1,1,6.5,0,2965,18,2,0,0,0,1158,0,0,10,0,14,0,21,1,1,0,0,0
1,1,5.5,0,1,14,2,0,0,0,206,0,0,8,0,12,0,19,1,1,0,0,0
-1,0,3.0,0,58,12,2,0,0,0,94,0,0,3,0,7,0,14,0,1,0,0,0
1,1,5.5,0,4450,15,2,0,0,0,60450,0,0,8,0,12,0,19,1,1,0,0,0
1,1,5.0,0,67,19,2,0,0,0,168,0,0,7,0,11,0,18,1,1,0,0,0
1,1,2.3333333333333335,0,1,-1,3,0,0,0,183,0,0,3,0,9,0,16,1,2,0,0,0
1,1,7.5,0,-1,5,2,0,0,0,9543619,0,0,12,0,16,0,23,2,1,0,0,0
1,1,3.6666666666666665,0,48,17,3,0,0,0,140,0,0,6,0,13,0,20,0,2,0,0,0
1,1,5.0,0,2,-1,2,0,0,0,254,0,0,7,0,11,0,18,1,1,0,0,0
-1,0,5.0,0,96,21,2,0,0,0,337,0,0,7,0,11,0,18,0,1,0,0,0
1,0,3.6666666666666665,0,172,16,3,0,0,0,411,0,0,6,0,13,0,20,0,2,0,0,0
1,0,4.0,0,5,18,2,0,0,0,385,0,0,6,0,9,0,16,1,1,0,0,0
-1,0,4.0,0,720777,14,2,0,0,0,6244754,0,0,6,0,9,0,16,45,1,0,0,0
-1,0,6.0,0,116,18,2,0,0,0,276,0,0,9,0,13,0,20,0,1,0,0,0
1,1,4.0,0,1197,14,2,0,0,0,2057,1,1,6,0,9,0,16,35,1,0,1,0
1,1,3.5,0,1,-1,2,0,0,0,198,0,0,4,0,8,0,15,1,1,0,0,0
1,1,8.5,0,373,12,2,0,0,0,743,0,0,14,0,18,0,25,272,1,0,3,0
-1,0,4.0,0,450,14,2,0,0,0,330,0,0,6,0,9,0,16,1,1,0,0,0
1,1,3.5,0,28,22,2,0,0,0,164,0,0,4,0,8,0,15,1,1,0,0,0
-1,1,6.5,0,260607,18,2,0,0,0,876832,0,0,10,0,14,0,21,744,1,0,0,0
1,0,4.5,0,223,20,2,0,0,0,679,0,0,6,0,10,0,17,1,1,0,0,0
-1,0,4.5,0,15,-1,2,0,0,0,551,0,0,6,0,10,0,17,0,1,0,0,0
1,1,5.0,0,1,-1,2,0,0,0,104,0,0,7,0,11,0,18,1,1,0,0,0
-1,1,3.0,0,9,12,2,0,0,0,400,0,0,3,0,7,0,14,0,1,0,0,0
-1,-1,3.0,0,8937,11,2,0,0,0,33599,-1,-1,4,0,7,0,14,-1,1,0,-1,0
1,1,4.5,0,27,-1,2,0,0,0,661,0,0,7,0,10,0,17,1,1,0,0,0
1,0,3.5,0,41,10,2,0,0,0,69,0,0,5,0,8,0,15,0,1,0,0,0
1,0,3.5,0,559,14,2,0,0,0,462,0,0,4,0,8,0,15,0,1,0,0,0
1,0,3.5,0,104,7,2,0,0,0,651,0,0,4,0,8,0,15,0,1,0,0,0
1,1,5.666666666666667,0,1,-1,3,0,0,0,142,0,0,12,0,19,0,26,1,2,0,0,0
1,1,8.0,0,6,21,2,0,0,0,442,0,0,13,0,17,0,24,0,1,0,0,0
1,0,4.5,0,7,10,2,0,0,0,391,0,0,6,0,10,0,17,0,1,0,0,0
1,1,4.0,0,2,-1,2,0,0,0,220,0,0,6,0,9,0,16,1,1,0,0,0
1,-1,4.5,0,10697,16,2,0,0,0,40557,-1,-1,6,0,10,0,17,-1,1,0,-1,0
1,1,3.6666666666666665,0,7,-1,3,0,0,0,110,0,0,6,0,13,0,20,1,2,0,0,0
1,1,3.5,0,2597,-1,2,0,0,0,21190,0,0,4,0,8,0,15,0,1,0,0,0
-1,1,5.0,0,42,18,2,0,0,0,301,0,0,7,0,11,0,18,0,1,0,0,0
1,1,3.0,0,2495,20,2,0,0,0,983,0,0,3,0,7,0,14,180,1,0,0,0
1,0,3.0,0,44,-1,2,0,0,0,313,0,0,3,0,7,0,14,0,1,0,0,0
1,0,5.0,0,46,24,2,0,0,0,259,0,0,7,0,11,0,18,0,1,0,0,0
1,1,6.0,0,230,12,2,0,0,0,618,0,0,9,0,13,0,20,9,1,0,0,0
1,1,3.6666666666666665,0,182,23,3,0,0,0,482,0,0,6,0,13,0,20,1,2,0,0,0
1,1,4.5,0,110,23,2,0,0,0,348,0,0,6,0,10,0,17,1,1,0,0,0
1,1,3.0,0,97,23,2,0,0,0,328,0,0,3,0,7,0,14,1,1,0,0,0
1,1,4.0,0,26,-1,2,0,0,0,409,0,0,6,0,9,0,16,1,1,0,0,0
-1,0,4.0,0,399,14,2,0,0,0,315,0,0,5,0,9,0,16,0,1,0,0,0
1,1,3.3333333333333335,0,1205,-1,3,0,0,0,10162,0,0,6,0,12,0,19,0,2,0,0,0
1,1,8.5,0,123,20,2,0,0,0,467,0,0,14,0,18,0,25,0,1,0,0,0
1,1,7.0,0,767,21,2,0,0,0,1578,0,0,11,0,15,0,22,1,1,0,0,0
1,1,2.0,0,1,-1,2,0,0,0,184,0,0,2,0,5,0,12,1,1,0,0,0
-1,1,6.333333333333333,0,5,9,3,0,0,0,239,0,0,9,0,21,0,28,0,1,0,0,0
1,1,4.0,0,1,9,2,0,0,0,192,0,0,6,0,9,0,16,1,1,0,0,0
1,1,3.0,0,42,7,2,0,0,0,311,0,0,4,0,7,0,14,0,1,0,0,0
1,1,4.0,0,28,-1,2,0,0,0,159,0,0,5,0,9,0,16,1,1,0,0,0
-1,0,4.0,0,10855,16,3,0,0,0,93182,0,0,7,0,14,0,21,0,2,0,0,0
1,1,9.0,0,47,22,2,0,0,0,156,0,0,15,0,19,0,26,0,1,0,0,0
1,1,3.5,0,1,-1,2,0,0,0,271,0,0,5,0,8,0,15,1,1,0,0,0
-1,1,9.0,0,243,22,2,0,0,0,305,0,0,15,0,19,0,26,0,1,0,0,0
1,1,7.5,0,9530,7,2,0,0,0,38588,0,0,12,0,16,0,23,0,1,0,0,0
-1,1,3.5,0,56,13,2,0,0,0,306,0,0,4,0,8,0,15,0,1,0,0,0
1,1,5.0,0,160,11,2,0,0,0,256,0,0,7,0,11,0,18,1,1,0,0,0
1,0,4.5,0,364,23,2,0,0,0,339,0,0,6,0,10,0,17,1,1,0,0,0
-1,0,5.0,0,377,22,2,0,0,0,499,0,0,7,0,11,0,18,0,1,0,0,0
1,1,4.5,0,53,12,2,0,0,0,1191,0,0,6,0,10,0,17,0,1,0,0,0
1,1,4.0,0,13,21,3,0,0,0,279,0,0,8,0,14,0,21,0,2,0,0,0
1,1,7.5,0,27,-1,2,0,0,0,367,0,0,12,0,16,0,23,1,1,0,0,0
-1,0,2.5,0,660,9,2,0,0,0,262,0,0,3,0,6,0,13,0,1,0,0,0
1,1,5.5,0,15183,4,2,0,0,0,35844,0,0,8,0,12,0,19,26,1,0,0,0
1,1,4.0,0,6,-1,2,0,0,0,251,0,0,6,0,9,0,16,0,1,0,0,0
-1,1,4.0,0,74,8,2,0,0,0,105,0,0,5,0,9,0,16,1,1,0,0,0
1,0,2.5,0,22,20,2,0,0,0,555,0,0,3,0,6,0,13,0,1,0,0,0
1,1,2.5,0,2,-1,2,0,0,0,349,0,0,3,0,6,0,13,1,1,0,0,0
-1,1,3.0,0,39,7,2,0,0,0,59,0,0,3,0,7,0,14,0,1,0,0,0
1,1,6.5,0,1,-1,2,0,0,0,280,0,0,10,0,14,0,21,1,1,0,0,0
-1,1,6.0,0,2464,19,2,0,0,0,7034,0,0,9,0,13,0,20,1,1,0,0,0
-1,1,7.0,0,289,24,2,0,0,0,483,0,0,11,0,15,0,22,0,1,0,0,0
1,0,2.3333333333333335,0,928,19,3,0,0,0,2274,0,0,3,0,9,0,16,0,2,0,0,0
1,1,4.0,0,12,19,2,0,0,0,325,0,0,5,0,9,0,16,1,1,0,0,0
-1,-1,2.5,0,10530,8,2,0,0,0,40632,-1,-1,3,0,6,0,13,-1,1,0,-1,0
1,0,4.0,0,45,17,2,0,0,0,289,0,0,6,0,9,0,16,0,1,0,0,0
-1,1,7.5,0,171,15,2,0,0,0,314,0,0,12,0,16,0,23,0,1,0,0,0
1,1,5.5,0,1,15,2,0,0,0,182,0,0,8,0,12,0,19,1,1,0,0,0
-1,1,2.5,0,48,11,2,0,0,0,166,0,0,3,0,6,0,13,0,1,0,0,0
1,1,4.0,0,85,25,2,0,0,0,318,0,0,6,0,9,0,16,1,1,0,0,0
1,1,4.5,0,1,-1,2,0,0,0,228,0,0,6,0,10,0,17,1,1,0,0,0
1,1,4.5,0,6367,13,2,0,0,0,45025,0,0,6,0,10,0,17,1,1,0,0,0
1,1,3.6666666666666665,0,12,9,3,0,0,0,413,0,0,6,0,13,0,20,0,2,0,0,0
-1,1,3.0,0,159,12,3,0,0,0,504,0,0,4,0,11,0,18,294,2,0,0,0
1,1,3.5,0,2875,19,2,0,0,0,3870,1,1,4,0,8,0,15,85,1,0,0,0
1,1,4.333333333333333,0,8,19,3,0,0,0,510,0,0,8,0,15,0,22,0,2,0,0,0
-1,0,2.5,0,15517,4,2,0,0,0,134952,0,0,3,0,6,0,13,0,1,0,0,0
1,1,5.5,0,1,-1,2,0,0,0,263,0,0,8,0,12,0,19,1,1,0,0,0
1,1,6.0,0,12,18,2,0,0,0,441,0,0,9,0,13,0,20,0,1,0,0,0
1,1,6.0,0,15,20,2,0,0,0,517,0,0,10,0,13,0,20,0,1,0,0,0
-1,1,9.5,0,38,-1,2,0,0,0,282,0,0,16,0,20,0,27,684,1,0,5,0
1,0,4.0,0,335,19,2,0,0,0,1411,0,0,5,0,9,0,16,0,1,0,0,0
-1,1,4.0,0,8,10,2,0,0,0,205,0,0,6,0,9,0,16,0,1,0,0,0
-1,1,4.5,0,100,19,2,0,0,0,225,0,0,6,0,10,0,17,1,1,0,0,0
-1,1,5.5,0,81,10,2,0,0,0,497,0,0,8,0,12,0,19,1,1,0,0,0
-1,1,2.6666666666666665,0,38,22,3,0,0,0,699,0,0,3,0,10,0,17,1,2,0,0,0
1,1,3.5,0,677,11,2,0,0,0,6732,0,0,4,0,8,0,15,27,1,0,0,0
1,1,4.333333333333333,0,105,13,3,0,0,0,1118,0,0,8,0,15,0,22,0,2,0,0,0
1,0,5.5,0,619,10,2,0,0,0,979,0,0,8,0,12,0,19,0,1,0,0,0
-1,1,4.0,0,1605,16,2,0,0,0,11552,0,0,5,0,9,0,16,13,1,0,0,0
1,1,3.5,0,-1,8,2,0,0,0,-1,0,0,4,0,8,0,15,1,1,0,0,0
-1,0,7.0,0,38900,11,2,0,0,0,357318,0,0,11,0,15,0,22,0,1,0,0,0
1,1,3.5,0,809,19,2,0,0,0,7115,0,0,4,0,8,0,15,0,1,0,0,0
1,1,6.0,0,5485,15,2,0,0,0,37889,0,0,9,0,13,0,20,0,1,0,0,0
1,1,2.5,0,1,-1,2,0,0,0,261,0,0,3,0,6,0,13,1,1,0,0,0
1,1,4.5,0,5,19,2,0,0,0,138,0,0,6,0,10,0,17,0,1,0,0,0
-1,1,6.0,0,52,-1,2,0,0,0,1301,0,0,10,0,13,0,20,0,1,0,0,0
1,1,4.5,0,341,31,2,0,0,0,361,0,0,6,0,10,0,17,1,1,0,0,0
-1,1,5.0,0,122,19,2,0,0,0,295,0,0,7,0,11,0,18,1,1,0,0,0
1,0,6.0,0,654,8,2,0,0,0,1458,0,0,9,0,13,0,20,0,1,0,0,0
1,1,4.0,0,2093,20,2,0,0,0,4874,0,0,6,0,9,0,16,0,1,0,0,0
-1,0,3.5,0,4550,10,2,0,0,0,13417,0,0,4,0,8,0,15,0,1,0,0,0
1,0,7.0,0,36,-1,2,0,0,0,602,0,0,11,0,15,0,22,0,1,0,0,0
1,0,5.5,0,761,14,2,0,0,0,722,0,0,8,0,12,0,19,0,1,0,0,0
1,1,3.0,0,10,-1,2,0,0,0,352,0,0,3,0,7,0,14,1,1,0,0,0
-1,1,4.5,0,10,-1,2,0,0,0,583,0,0,6,0,10,0,17,1,1,0,0,0
-1,1,6.5,0,332,15,2,0,0,0,682,0,0,10,0,14,0,21,0,1,0,0,0
-1,1,2.6666666666666665,0,221,17,3,0,0,0,595,0,0,3,0,10,0,17,1,2,0,0,0
1,1,3.0,0,1659,18,2,0,0,0,6916,0,0,4,0,7,0,14,1,1,0,0,0
1,1,6.0,0,1,14,2,0,0,0,268,0,0,9,0,13,0,20,1,1,0,0,0
-1,0,6.5,0,861,11,2,0,0,0,607,0,0,10,0,14,0,21,0,1,0,0,0
-1,0,4.0,0,379,19,2,0,0,0,902,0,0,5,0,9,0,16,0,1,0,0,0
1,1,4.5,0,4,-1,2,0,0,0,1447,0,0,6,0,10,0,17,1,1,0,0,0
-1,1,7.0,0,6195,-1,2,0,0,0,45237,0,0,11,0,15,0,22,156,1,0,0,0
1,0,5.0,0,75,20,2,0,0,0,350,0,0,8,0,11,0,18,0,1,0,0,0
1,0,4.0,0,10,-1,2,0,0,0,751,0,0,6,0,9,0,16,0,1,0,0,0
1,0,6.0,0,3797,20,2,0,0,0,23985,0,0,9,0,13,0,20,0,1,0,0,0
1,0,3.5,0,4,6,2,0,0,0,386,0,0,4,0,8,0,15,1,1,0,0,0
-1,1,3.0,0,175,24,2,0,0,0,360,0,0,4,0,7,0,14,1,1,0,0,0
1,1,2.3333333333333335,0,33836,-1,3,0,0,0,26747,0,0,3,0,9,0,16,19,2,0,0,0
1,1,4.5,0,17842,4,2,0,0,0,132041,0,0,6,0,10,0,17,5,1,0,0,0
1,1,9.0,0,119,26,2,0,0,0,408,0,0,15,0,19,0,26,1,1,0,0,0
1,1,3.0,0,10,16,2,0,0,0,444,0,0,3,0,7,0,14,1,1,0,0,0
-1,1,2.5,0,637,19,2,0,0,0,6698,0,0,3,0,6,0,13,663,1,0,4,0
1,0,7.5,0,24,14,2,0,0,0,749,0,0,12,0,16,0,23,0,1,0,0,0
1,0,4.0,0,74,-1,2,0,0,0,744,0,0,5,0,9,0,16,0,1,0,0,0
1,0,6.5,0,62,25,2,0,0,0,1481,0,0,10,0,14,0,21,0,1,0,0,0
1,0,4.5,0,15,-1,2,0,0,0,1013,0,0,6,0,10,0,17,1,1,0,0,0
-1,1,3.0,0,834,15,3,0,0,0,1909,0,0,4,0,11,0,18,0,2,0,0,0
1,1,5.5,0,2,20,2,0,0,0,145,0,0,8,0,12,0,19,0,1,0,0,0
-1,0,4.0,0,51,20,2,0,0,0,221,0,0,5,0,9,0,16,0,1,0,0,0
-1,1,2.5,0,774,16,2,0,0,0,399,0,0,3,0,6,0,13,0,1,0,0,0
-1,1,4.0,0,25,21,2,0,0,0,327,0,0,6,0,9,0,16,0,1,0,0,0
-1,1,4.0,0,8084,7,2,0,0,0,28569,0,0,5,0,9,0,16,0,1,0,0,0
-1,1,4.0,0,204,23,2,0,0,0,622,1,1,5,0,9,0,16,167,1,0,1,0
-1,0,3.0,0,11,15,3,0,0,0,593,0,0,4,0,11,0,18,0,2,0,0,0
1,1,3.0,0,9,-1,2,0,0,0,463,0,0,3,0,7,0,14,1,1,0,0,0
1,0,3.0,0,38,20,2,0,0,0,277,0,0,3,0,7,0,14,0,1,0,0,0
1,0,4.0,0,34,23,2,0,0,0,235,0,0,6,0,9,0,16,0,1,0,0,0
-1,1,4.0,0,12453,18,2,0,0,0,12602,0,0,5,0,9,0,16,1,1,0,0,0
1,1,6.0,0,1,-1,2,0,0,0,264,0,0,9,0,13,0,20,1,1,0,0,0
-1,0,3.6666666666666665,0,441,17,3,0,0,0,366,0,0,6,0,13,0,20,0,2,0,0,0
1,0,5.0,0,932,17,2,0,0,0,1141,0,0,7,0,11,0,18,0,1,0,0,0
-1,0,9.0,0,2430,5,2,0,0,0,6448,0,0,15,0,19,0,26,1,1,0,0,0
1,1,7.5,0,82,-1,2,0,0,0,130,0,0,12,0,16,0,23,1,1,0,0,0
1,0,4.5,0,76,14,2,0,0,0,701,0,0,6,0,10,0,17,1,1,0,0,0
-1,1,5.0,0,389,12,2,0,0,0,1174,0,0,7,0,11,0,18,230,1,0,1,0
1,1,3.3333333333333335,0,111,-1,3,0,0,0,1121,0,0,6,0,12,0,19,1,2,0,0,0
1,0,3.5,0,49,-1,2,0,0,0,905,0,0,4,0,8,0,15,0,1,0,0,0
-1,0,5.0,0,297,18,2,0,0,0,211,0,0,8,0,11,0,18,0,1,0,0,0
1,1,4.0,0,305,12,2,0,0,0,531,0,0,5,0,9,0,16,0,1,0,0,0
1,1,4.0,0,-1,19,2,0,0,0,-1,0,0,6,0,9,0,16,1,1,0,0,0
1,1,5.5,0,1257,12,2,0,0,0,6699,0,0,9,0,12,0,19,1,1,0,0,0
1,1,3.0,0,11048,26,2,0,0,0,40924,0,0,3,0,7,0,14,1,1,0,0,0
1,1,4.0,0,-1,-1,2,0,0,0,-1,0,0,6,0,9,0,16,1,1,0,0,0
1,0,4.0,0,20,-1,2,0,0,0,100,0,0,6,0,9,0,16,0,1,0,0,0
1,1,4.5,0,24,17,2,0,0,0,146,0,0,6,0,10,0,17,762,1,0,0,0
1,0,8.0,0,67,17,2,0,0,0,559,0,0,13,0,17,0,24,0,1,0,0,0
1,0,5.5,0,8,-1,2,0,0,0,624,0,0,8,0,12,0,19,0,1,0,0,0
1,1,7.0,0,65,-1,2,0,0,0,2413,0,0,11,0,15,0,22,1,1,0,0,0
1,1,3.5,0,12,16,2,0,0,0,344,0,0,4,0,8,0,15,0,1,0,0,0
1,0,3.0,0,113,22,2,0,0,0,425,0,0,3,0,7,0,14,0,1,0,0,0
1,0,4.0,0,470,17,2,0,0,0,1653,0,0,5,0,9,0,16,1,1,0,0,0
1,0,6.5,0,3257,23,2,0,0,0,2334,0,0,10,0,14,0,21,0,1,0,0,0
1,1,4.5,0,264,18,2,0,0,0,557,0,0,6,0,10,0,17,0,1,0,0,0
-1,0,4.0,0,60807,15,2,0,0,0,313668,0,0,6,0,9,0,16,0,1,0,0,0
1,1,4.5,0,64,11,2,0,0,0,303,0,0,7,0,10,0,17,26,1,0,2,0
1,1,2.5,0,1508,5,2,0,0,0,667,0,0,3,0,6,0,13,4,1,0,0,0
1,0,3.0,0,7,-1,3,0,0,0,669,0,0,6,0,11,0,18,0,1,0,0,0
-1,0,6.0,0,70,15,2,0,0,0,1046,0,0,9,0,13,0,20,0,1,0,0,0
-1,0,3.5,0,77,17,2,0,0,0,106,0,0,4,0,8,0,15,0,1,0,0,0
1,1,3.3333333333333335,0,18,18,3,0,0,0,82,0,0,5,0,12,0,19,0,2,0,0,0
-1,0,4.0,0,25,-1,3,0,0,0,532,0,0,7,0,14,0,21,0,2,0,0,0
1,1,3.3333333333333335,0,6829,8,3,0,0,0,20946,0,0,6,0,12,0,19,8,2,0,0,0
1,0,5.0,0,105,11,2,0,0,0,1704,0,0,7,0,11,0,18,0,1,0,0,0
1,1,4.0,0,4878,-1,2,0,0,0,38628,0,0,6,0,9,0,16,0,1,0,0,0
-1,-1,6.5,0,16039,-1,2,0,0,0,121618,-1,-1,10,0,14,0,21,-1,1,0,-1,0
-1,1,2.5,0,3223,17,2,0,0,0,22397,0,0,3,0,6,0,13,0,1,0,0,0
1,1,3.5,0,107,18,2,0,0,0,1493,0,0,4,0,8,0,15,991,1,0,0,0
1,1,3.3333333333333335,0,1,-1,3,0,0,0,266,0,0,5,0,12,0,19,1,2,0,0,0
-1,1,3.5,0,375,13,2,0,0,0,4078,0,0,5,0,8,0,15,0,1,0,0,0
1,1,9.0,0,143,21,2,0,0,0,562,0,0,15,0,19,0,26,1,1,0,0,0
1,1,4.5,0,4,-1,2,0,0,0,931,0,0,6,0,10,0,17,1,1,0,0,0
-1,0,5.0,0,2496,15,2,0,0,0,5395,0,0,8,0,11,0,18,0,1,0,0,0
1,1,5.5,0,1381,8,2,0,0,0,3515,0,0,8,0,12,0,19,0,1,0,0,0
-1,0,2.5,0,153,20,2,0,0,0,505,0,0,3,0,6,0,13,285,1,0,0,0
-1,0,3.5,0,87,9,2,0,0,0,316,0,0,4,0,8,0,15,0,1,0,0,0
1,0,4.0,0,118,15,2,0,0,0,606,0,0,6,0,9,0,16,0,1,0,0,0
1,1,4.0,0,-1,-1,2,0,0,0,8911962,0,0,5,0,9,0,16,1,1,0,0,0
-1,0,6.5,0,2719,22,2,0,0,0,5028,0,0,10,0,14,0,21,0,1,0,0,0
1,0,4.5,0,948,7,2,0,0,0,11576,0,0,7,0,10,0,17,0,1,0,0,0
1,0,3.5,0,2176,12,2,0,0,0,920,0,0,4,0,8,0,15,0,1,0,0,0
1,1,4.0,0,1,-1,2,0,0,0,274,0,0,5,0,9,0,16,1,1,0,0,0
1,1,5.0,0,111,11,2,0,0,0,1285,0,0,8,0,11,0,18,0,1,0,0,0
1,1,4.0,0,125,31,2,0,0,0,674,0,0,6,0,9,0,16,1,1,0,0,0
1,1,5.0,0,15,8,2,0,0,0,36,0,0,7,0,11,0,18,0,1,0,0,0
1,1,3.6666666666666665,0,1,-1,3,0,0,0,338,0,0,6,0,13,0,20,1,2,0,0,0
1,0,4.0,0,1363,19,2,0,0,0,2300,0,0,5,0,9,0,16,0,1,0,0,0
-1,1,4.5,0,5022,11,2,0,0,0,6359,0,0,6,0,10,0,17,0,1,0,0,0
-1,0,4.0,0,19,20,2,0,0,0,437,0,0,5,0,9,0,16,0,1,0,0,0
-1,1,5.0,0,2973,19,2,0,0,0,3531,0,0,7,0,11,0,18,0,1,0,0,0
1,0,5.0,0,200,29,2,0,0,0,485,0,0,8,0,11,0,18,0,1,0,0,0
-1,1,4.333333333333333,0,539,23,3,0,0,0,788,0,0,6,0,15,0,22,1,1,0,0,0
-1,-1,6.5,0,-1,-1,2,0,0,0,-1,-1,-1,10,0,14,0,21,-1,1,0,-1,0
1,0,3.0,0,595,19,2,0,0,0,2514,0,0,3,0,7,0,14,0,1,0,0,0
1,1,10.0,0,2830,22,2,0,0,0,2087,0,0,17,0,21,0,28,0,1,0,0,0
1,1,4.0,0,14,19,2,0,0,0,283,1,0,5,0,9,0,16,330,1,0,4,0
1,1,9.0,0,14,16,2,0,0,0,1234,0,0,15,0,19,0,26,1,1,0,0,0
1,1,4.0,0,14,-1,2,0,0,0,526,0,0,5,0,9,0,16,0,1,0,0,0
1,1,3.3333333333333335,0,434,-1,3,0,0,0,475,0,0,6,0,12,0,19,1,2,0,0,0
1,0,2.5,0,15,-1,2,0,0,0,478,0,0,3,0,6,0,13,0,1,0,0,0
-1,1,7.0,0,17166,10,2,0,0,0,5393,0,0,11,0,15,0,22,0,1,0,0,0
1,0,6.5,0,1633,16,2,0,0,0,1555,0,0,10,0,14,0,21,0,1,0,0,0
1,1,5.5,0,70,-1,2,0,0,0,2292,0,0,8,0,12,0,19,1,1,0,0,0
1,1,4.5,0,237,19,2,0,0,0,723,0,0,7,0,10,0,17,314,1,0,2,0
1,1,5.5,0,4,18,2,0,0,0,162,0,0,8,0,12,0,19,1,1,0,0,0
-1,1,3.5,0,177,12,2,0,0,0,369,0,0,4,0,8,0,15,0,1,0,0,0
-1,1,6.0,0,3,-1,2,0,0,0,486,0,0,9,0,13,0,20,0,1,0,0,0
1,1,6.5,0,181,7,2,0,0,0,756,0,0,10,0,14,0,21,0,1,0,0,0
-1,-1,2.6666666666666665,0,17944,11,3,0,0,0,231344,-1,-1,3,0,10,0,17,-1,2,0,-1,0
1,1,5.0,0,74,26,2,0,0,0,356,0,0,7,0,11,0,18,0,1,0,0,0
1,0,5.0,0,17,14,2,0,0,0,1041,0,0,7,0,11,0,18,0,1,0,0,0
-1,0,6.5,0,34,-1,2,0,0,0,1002,0,0,10,0,14,0,21,1,1,0,0,0
-1,1,6.5,0,85,-1,2,0,0,0,1451,0,0,10,0,14,0,21,1,1,0,0,0
-1,1,5.0,0,20,15,2,0,0,0,47,0,0,7,0,11,0,18,0,1,0,0,0
0,1,5.333333333333333,0,26,20,3,0,0,0,714,0,0,10,0,18,0,25,0,1,0,0,0
1,1,4.5,0,-1,10,2,0,0,0,-1,0,0,6,0,10,0,17,1,1,0,0,0
1,1,5.0,0,15907,13,2,0,0,0,39617,0,0,7,0,11,0,18,1,1,0,0,0
1,1,5.5,0,34,20,2,0,0,0,246,0,0,8,0,12,0,19,0,1,0,0,0
-1,1,5.0,0,214,24,2,0,0,0,582,0,0,7,0,11,0,18,284,1,0,0,0
1,1,6.5,0,1,-1,2,0,0,0,359,0,0,10,0,14,0,21,1,1,0,0,0
1,0,4.5,0,63,26,2,0,0,0,178,0,0,6,0,10,0,17,0,1,0,0,0
-1,0,7.0,0,2588,18,2,0,0,0,1438,0,0,11,0,15,0,22,0,1,0,0,0
-1,1,6.5,0,50,-1,2,0,0,0,762,0,0,10,0,14,0,21,1,1,0,0,0
1,1,3.5,0,3194,14,2,0,0,0,5113,0,0,4,0,8,0,15,0,1,0,0,0
-1,1,5.0,0,16,12,2,0,0,0,924,0,0,7,0,11,0,18,0,1,0,0,0
-1,1,9.0,0,13,-1,2,0,0,0,726,0,0,15,0,19,0,26,1,1,0,0,0
1,1,5.666666666666667,0,1,-1,3,0,0,0,202,0,0,12,0,19,0,26,1,2,0,0,0
-1,0,4.0,0,174,27,2,0,0,0,554,0,0,5,0,9,0,16,0,1,0,0,0
1,1,6.0,0,332,-1,2,0,0,0,4190,0,0,9,0,13,0,20,0,1,0,0,0
-1,0,7.5,0,500,12,2,0,0,0,752,0,0,13,0,16,0,23,0,1,0,0,0
-1,-1,3.0,0,83,9,2,0,0,0,127,-1,-1,4,0,7,0,14,-1,1,0,-1,0
-1,1,4.5,0,59204,18,2,0,0,0,76581,0,0,6,0,10,0,17,0,1,0,0,0
-1,1,5.0,0,82731,21,2,0,0,0,414195,0,0,7,0,11,0,18,2,1,0,0,0
-1,1,6.0,0,1516,14,2,0,0,0,2548,0,0,9,0,13,0,20,1,1,0,0,0
1,1,3.5,0,297,19,2,0,0,0,3170,0,0,5,0,8,0,15,0,1,0,0,0
1,0,4.0,0,249,11,2,0,0,0,461,0,0,5,0,9,0,16,0,1,0,0,0
1,0,7.5,0,88,22,2,0,0,0,457,0,0,12,0,16,0,23,0,1,0,0,0
-1,1,6.0,0,481,23,2,0,0,0,3356,0,0,9,0,13,0,20,1,1,0,0,0
-1,1,5.5,0,646,20,2,0,0,0,2122,0,0,8,0,12,0,19,1,1,0,0,0
-1,0,4.0,0,5,10,2,0,0,0,252,0,0,5,0,9,0,16,0,1,0,0,0
1,1,6.0,0,36,18,2,0,0,0,753,0,0,9,0,13,0,20,1,1,0,0,0
1,0,4.0,0,131,10,2,0,0,0,120,0,0,6,0,9,0,16,0,1,0,0,0
1,1,5.0,0,1,-1,2,0,0,0,393,0,0,7,0,11,0,18,1,1,0,0,0
-1,0,3.0,0,93,19,2,0,0,0,1314,0,0,3,0,7,0,14,0,1,0,0,0
1,1,3.0,0,211,11,2,0,0,0,825,0,0,4,0,7,0,14,0,1,0,0,0
1,1,4.0,0,-1,19,2,0,0,0,-1,0,0,5,0,9,0,16,0,1,0,0,0
1,1,6.5,0,696,11,2,0,0,0,1056,0,0,10,0,14,0,21,0,1,0,0,0
1,0,6.5,0,19,12,2,0,0,0,620,0,0,10,0,14,0,21,0,1,0,0,0
1,1,3.0,0,575,11,2,0,0,0,423,0,0,4,0,7,0,14,0,1,0,0,0
1,0,3.0,0,1072,21,3,0,0,0,686,0,0,4,0,11,0,18,0,2,0,0,0
1,0,2.5,0,19,19,2,0,0,0,596,0,0,3,0,6,0,13,0,1,0,0,0
-1,0,4.5,0,2067,15,2,0,0,0,1889,0,0,6,0,10,0,17,0,1,0,0,0
1,1,4.0,0,758,-1,2,0,0,0,10561,0,0,6,0,9,0,16,1,1,0,0,0
1,-1,7.0,0,8,17,2,0,0,0,832,-1,-1,11,0,15,0,22,-1,1,0,-1,0
1,1,6.5,0,259867,14,2,0,0,0,471042,0,0,10,0,14,0,21,1,1,0,0,0
-1,0,4.5,0,257,14,2,0,0,0,1089,0,0,6,0,10,0,17,0,1,0,0,0
1,1,3.5,0,13936,11,2,0,0,0,122020,0,0,5,0,8,0,15,14,1,0,0,0
-1,0,7.0,0,83,6,2,0,0,0,185,0,0,11,0,15,0,22,0,1,0,0,0
-1,-1,5.5,0,45,-1,2,0,0,0,844,-1,-1,8,0,12,0,19,-1,1,0,-1,0
1,0,6.0,0,7,6,2,0,0,0,137,0,0,9,0,13,0,20,0,1,0,0,0
1,1,3.3333333333333335,0,874,15,3,0,0,0,609,0,0,6,0,12,0,19,0,2,0,0,0
1,0,6.0,0,778,15,2,0,0,0,765,0,0,9,0,13,0,20,0,1,0,0,0
1,0,4.5,0,661,13,2,0,0,0,3926,0,0,6,0,10,0,17,0,1,0,0,0
1,1,5.0,0,366,13,2,0,0,0,522,0,0,8,0,11,0,18,1,1,0,0,0
1,1,5.0,0,2270,9,2,0,0,0,2116,0,0,7,0,11,0,18,0,1,0,0,0
1,1,7.0,0,590,10,2,0,0,0,297,0,0,11,0,15,0,22,1,1,0,0,0
-1,0,5.5,0,502,21,2,0,0,0,5142,0,0,8,0,12,0,19,0,1,0,0,0
-1,0,4.666666666666667,0,277,22,3,0,0,0,912,0,0,9,0,16,0,23,0,2,0,0,0
1,0,4.0,0,434,15,2,0,0,0,812,0,0,6,0,9,0,16,0,1,0,0,0
1,1,6.5,0,785,17,2,0,0,0,1902,0,0,10,0,14,0,21,417,1,0,0,0
1,1,3.5,0,1346,8,2,0,0,0,857,0,0,4,0,8,0,15,0,1,0,0,0
1,0,7.0,0,130,17,2,0,0,0,748,0,0,11,0,15,0,22,0,1,0,0,0
1,1,3.0,0,5,-1,2,0,0,0,625,0,0,4,0,7,0,14,0,1,0,0,0
-1,0,2.5,0,1289,10,2,0,0,0,759,0,0,3,0,6,0,13,0,1,0,0,0
1,0,4.5,0,472,10,2,0,0,0,2324,0,0,6,0,10,0,17,1,1,0,0,0
-1,0,5.5,0,8939,16,2,0,0,0,77428,0,0,8,0,12,0,19,0,1,0,0,0
1,1,5.0,0,3411,11,2,0,0,0,39018,0,0,8,0,11,0,18,0,1,0,0,0
1,1,5.0,0,315,9,2,0,0,0,22881,0,0,8,0,11,0,18,41,1,0,0,0
1,0,1.5,0,190,22,2,0,0,0,798,0,0,2,0,4,0,11,0,1,0,0,0
1,0,4.0,0,7,17,2,0,0,0,968,0,0,6,0,9,0,16,0,1,0,0,0
1,1,5.0,0,56,18,2,0,0,0,941,0,0,7,0,11,0,18,0,1,0,0,0
1,1,6.0,0,205,12,2,0,0,0,471,0,0,9,0,13,0,20,0,1,0,0,0
-1,0,7.0,0,396,18,2,0,0,0,883,0,0,11,0,15,0,22,0,1,0,0,0
1,0,4.0,0,27,21,2,0,0,0,585,0,0,6,0,9,0,16,0,1,0,0,0
1,0,4.5,0,495,18,2,0,0,0,3151,0,0,6,0,10,0,17,0,1,0,0,0
1,0,4.5,0,55,7,2,0,0,0,417,0,0,6,0,10,0,17,0,1,0,0,0
1,0,5.0,0,53,11,2,0,0,0,1095,0,0,7,0,11,0,18,0,1,0,0,0
-1,1,9.5,0,5,-1,2,0,0,0,242,0,0,16,0,20,0,27,0,1,0,0,0
1,-1,3.5,0,3817,9,2,0,0,0,31734,-1,-1,5,0,8,0,15,-1,1,0,-1,0
-1,0,4.5,0,265,12,2,0,0,0,691,0,0,6,0,10,0,17,0,1,0,0,0
-1,1,4.5,0,302,21,2,0,0,0,848,0,0,6,0,10,0,17,1,1,0,0,0
1,0,3.0,0,18,9,2,0,0,0,1047,0,0,3,0,7,0,14,0,1,0,0,0
-1,1,2.0,0,6700,6,2,0,0,0,71432,0,0,2,0,5,0,12,2,1,0,0,0
-1,0,5.5,0,210,11,2,0,0,0,644,0,0,8,0,12,0,19,0,1,0,0,0
-1,1,5.5,0,444,17,2,0,0,0,1291,0,0,9,0,12,0,19,43,1,0,0,0
1,0,7.5,0,8,-1,2,0,0,0,1074,0,0,12,0,16,0,23,0,1,0,0,0
1,0,6.0,0,14,-1,2,0,0,0,1005,0,0,9,0,13,0,20,0,1,0,0,0
-1,0,6.0,0,488,15,2,0,0,0,5101,0,0,9,0,13,0,20,0,1,0,0,0
1,1,4.0,0,109,13,2,0,0,0,1129,0,0,5,0,9,0,16,81,1,0,0,0
1,1,4.5,0,15,12,2,0,0,0,1018,0,0,6,0,10,0,17,0,1,0,0,0
1,0,6.5,0,484,14,2,0,0,0,1183,0,0,10,0,14,0,21,0,1,0,0,0
-1,0,5.0,0,209,13,2,0,0,0,513,0,0,7,0,11,0,18,0,1,0,0,0
1,0,5.0,0,374,29,2,0,0,0,404,0,0,8,0,11,0,18,0,1,0,0,0
1,1,7.5,0,38,18,2,0,0,0,698,0,0,12,0,16,0,23,0,1,0,0,0
-1,1,9.0,0,306,19,2,0,0,0,520,0,0,15,0,19,0,26,0,1,0,0,0
-1,0,7.0,0,52,16,2,0,0,0,493,0,0,11,0,15,0,22,0,1,0,0,0
1,1,5.666666666666667,0,76,25,3,0,0,0,458,0,0,12,0,19,0,26,0,2,0,0,0
1,1,4.5,0,43,-1,2,0,0,0,580,0,0,6,0,10,0,17,1,1,0,0,0
0,1,7.5,0,1318,17,2,0,0,0,2282,0,0,12,0,16,0,23,0,1,0,0,0
-1,1,4.5,0,2337,15,2,0,0,0,6867,0,0,6,0,10,0,17,90,1,0,0,0
1,1,5.5,0,55,12,2,0,0,0,1573,0,0,8,0,12,0,19,1,1,0,0,0
1,0,5.0,0,75,19,2,0,0,0,1173,0,0,7,0,11,0,18,0,1,0,0,0
1,0,6.666666666666667,0,267,22,3,0,0,0,414,0,0,14,0,22,0,29,0,2,0,0,0
1,1,7.0,0,56,20,3,0,0,0,1014,0,0,9,0,23,0,30,0,2,0,0,0
1,1,5.75,0,16169,17,4,0,0,0,17491,0,0,8,0,26,0,33,0,2,0,0,0
-1,0,5.8,0,-1,-1,5,0,0,0,-1,0,0,8,0,33,0,40,0,2,0,0,0
1,0,4.5,0,38,16,2,0,0,0,1396,0,0,7,0,10,0,17,0,1,0,0,0
-1,1,5.0,0,871,20,2,0,0,0,9371,0,0,7,0,11,0,18,0,1,0,0,0
1,1,7.5,0,179788,10,2,0,0,0,737765,0,0,12,0,16,0,23,1,1,0,0,0
1,0,6.5,0,24,-1,2,0,0,0,539,0,0,10,0,14,0,21,0,1,0,0,0
1,1,10.0,0,31,19,2,0,0,0,628,0,0,18,0,21,0,28,0,1,0,0,0
1,1,7.5,0,147361,13,2,0,0,0,950937,0,0,12,0,16,0,23,0,1,0,1,0
-1,0,8.0,0,1178,17,3,0,0,0,4203,0,0,15,0,26,0,33,0,2,0,0,0
1,1,3.6666666666666665,0,12,9,3,0,0,0,345,0,0,7,0,13,0,20,0,2,0,0,0
1,1,3.6666666666666665,0,21,21,3,0,0,0,685,0,0,6,0,13,0,20,1,2,0,0,0
1,0,2.5,0,2138,-1,4,0,0,0,16894,0,0,4,0,13,0,20,0,2,0,0,0
1,1,8.5,0,1,-1,2,0,0,0,439,0,0,14,0,18,0,25,1,1,0,0,0
-1,0,5.6,0,145,15,5,0,0,0,426,0,0,8,0,32,0,39,0,2,0,0,0
1,1,6.0,0,45,13,2,0,0,0,2119,0,0,9,0,13,0,20,54,1,0,0,0
1,1,5.0,0,508,20,2,0,0,0,637,0,0,8,0,11,0,18,1,1,0,0,0
-1,1,11.5,0,41,-1,2,0,0,0,312,0,0,20,0,24,0,31,0,1,0,0,0
1,0,4.0,0,93,17,2,0,0,0,525,0,0,5,0,9,0,16,0,1,0,0,0
1,0,8.0,0,269,12,2,0,0,0,1335,0,0,13,0,17,0,24,0,1,0,0,0
1,0,7.0,0,574,23,2,0,0,0,1764,0,0,11,0,15,0,22,1,1,0,0,0
1,1,6.5,0,184101,8,2,0,0,0,717968,0,0,10,0,14,0,21,0,1,0,0,0
1,1,7.0,0,1843,-1,2,0,0,0,8865,0,0,11,0,15,0,22,0,1,0,0,0
1,1,7.0,0,11,22,2,0,0,0,270,0,0,11,0,15,0,22,1,1,0,0,0
1,0,8.5,0,20974,10,2,0,0,0,86656,0,0,14,0,18,0,25,1,1,0,0,0
-1,1,7.5,0,49,18,2,0,0,0,673,0,0,12,0,16,0,23,1,1,0,0,0
1,0,5.5,0,337,18,2,0,0,0,4332,0,0,8,0,12,0,19,0,1,0,0,0
-1,1,5.0,0,2465,12,2,0,0,0,5674,0,0,7,0,11,0,18,236,1,0,2,0
1,1,7.0,0,16,14,2,0,0,0,308,0,0,11,0,15,0,22,0,1,0,0,0
1,1,3.0,0,1322,13,2,0,0,0,3436,0,0,3,0,7,0,14,2,1,0,0,0
1,0,2.5,0,877,19,2,0,0,0,2682,0,0,3,0,6,0,13,0,1,0,0,0
-1,0,2.5,0,8,17,2,0,0,0,147,0,0,3,0,6,0,13,0,1,0,0,0
-1,0,2.3333333333333335,0,362,25,3,0,0,0,766,0,0,3,0,9,0,16,0,2,0,0,0
1,1,3.0,0,149,21,2,0,0,0,284,0,0,3,0,7,0,14,1,1,0,0,0
1,0,2.5,0,741,15,2,0,0,0,415,0,0,3,0,6,0,13,0,1,0,0,0
1,1,3.5,0,42,17,2,0,0,0,288,0,0,4,0,8,0,15,566,1,0,5,0
1,1,3.0,0,361532,-1,2,0,0,0,607218,0,0,3,0,7,0,14,0,1,0,0,0
1,1,3.0,0,140,17,2,0,0,0,200,0,0,3,0,7,0,14,1,1,0,0,0
-1,1,3.5,0,1225,15,2,0,0,0,3171,0,0,4,0,8,0,15,0,1,0,0,0
1,0,3.5,0,415,20,2,0,0,0,1165,0,0,4,0,8,0,15,1,1,0,0,0
1,1,9.0,0,9,-1,2,0,0,0,713,0,0,15,0,19,0,26,0,1,0,0,0
-1,1,3.0,0,1175,12,2,0,0,0,1855,0,0,3,0,7,0,14,67,1,0,0,0
1,0,3.5,0,41,18,2,0,0,0,817,0,0,5,0,8,0,15,0,1,0,0,0
1,0,4.0,0,94,13,2,0,0,0,1049,0,0,5,0,9,0,16,0,1,0,0,0
1,1,2.5,0,23,14,2,0,0,0,1413,0,0,3,0,6,0,13,0,1,0,0,0
-1,0,6.5,0,200,13,2,0,0,0,5694,0,0,11,0,14,0,21,0,1,0,0,0
-1,-1,4.0,0,-1,-1,2,0,0,0,-1,-1,-1,5,0,9,0,16,-1,1,0,-1,1
1,1,3.0,0,44851,20,2,0,0,0,1000113,0,0,4,0,7,0,14,0,1,0,0,1
-1,-1,5.333333333333333,0,-1,-1,3,0,0,0,-1,-1,-1,9,0,18,0,25,-1,2,0,-1,1
1,1,5.666666666666667,0,-1,17,3,0,0,0,-1,0,0,10,0,19,0,26,0,2,0,0,1
1,1,8.5,0,-1,17,2,0,0,0,-1,0,0,14,0,18,0,25,1,1,0,0,1
1,1,6.0,0,-1,17,3,0,0,0,-1,0,0,11,0,20,0,27,1,2,0,0,1
1,1,3.0,0,-1,-1,2,0,0,0,-1,0,0,4,0,7,0,14,0,1,0,0,1
-1,1,6.0,0,-1,3,2,0,0,0,8827186,0,0,9,0,13,0,20,1,1,0,0,1
-1,-1,6.0,0,-1,-1,2,0,0,0,-1,-1,-1,9,0,13,0,20,-1,1,0,-1,1
1,1,5.666666666666667,0,-1,13,3,0,0,0,-1,0,0,8,0,19,0,26,0,1,0,0,1
1,1,4.0,0,148229,13,4,0,0,0,11097246,0,0,8,0,19,0,26,105,2,0,2,1
-1,1,5.333333333333333,0,-1,-1,3,0,0,0,-1,0,0,9,0,18,0,25,2,2,0,0,1
1,1,5.333333333333333,0,-1,1,3,0,0,0,-1,0,0,9,0,18,0,25,0,2,0,0,1
-1,-1,6.5,0,-1,-1,2,0,0,0,-1,-1,-1,10,0,14,0,21,-1,1,0,-1,1
1,1,4.5,0,-1,23,2,0,0,0,-1,0,0,7,0,10,0,17,15,1,0,4,1
-1,-1,4.0,0,-1,-1,2,0,0,0,-1,-1,-1,5,0,9,0,16,-1,1,0,-1,1
-1,-1,4.333333333333333,0,2829,-1,3,0,0,0,130844,-1,-1,6,0,15,0,22,-1,2,0,-1,1
1,1,6.5,0,-1,14,2,0,0,0,5097565,0,0,10,0,14,0,21,0,1,0,0,1
1,0,5.5,0,-1,13,2,0,0,0,-1,0,0,8,0,12,0,19,0,1,0,0,1
1,1,4.666666666666667,0,-1,14,3,0,0,0,5097565,0,0,7,0,16,0,23,4,2,0,0,1
1,1,4.333333333333333,0,-1,12,3,0,0,0,7344806,0,0,6,0,15,0,22,1,2,0,0,1
1,1,5.333333333333333,0,-1,17,3,0,0,0,-1,0,0,9,0,18,0,25,1,2,0,0,1
-1,1,5.5,0,46566,16,2,0,0,0,9173417,0,0,8,0,12,0,19,121,1,0,0,1
1,1,10.5,0,-1,-1,2,0,0,0,-1,0,0,18,0,22,0,29,0,1,0,0,1
1,0,7.5,0,-1,0,2,0,0,0,-1,0,0,11,0,16,0,23,0,1,0,0,1
0,1,7.0,0,-1,11,2,0,0,0,10480561,0,0,11,0,15,0,22,152,1,0,0,1
-1,-1,4.0,0,-1,21,2,0,0,0,3330897,-1,-1,5,0,9,0,16,-1,1,0,-1,1
1,0,4.0,0,-1,13,3,0,0,0,-1,0,0,5,0,14,0,21,0,2,0,0,1
1,0,4.0,0,-1,13,2,0,0,0,-1,0,0,5,0,9,0,16,0,1,0,0,1
1,0,3.6666666666666665,0,-1,13,3,0,0,0,-1,0,0,4,0,13,0,20,0,2,0,0,1
1,0,4.666666666666667,0,-1,11,3,0,0,0,-1,0,0,7,0,16,0,23,0,2,0,0,1
1,0,3.3333333333333335,0,-1,10,3,0,0,0,-1,0,0,4,0,12,0,19,0,2,0,0,1
1,0,5.0,0,-1,10,3,0,0,0,-1,0,0,8,0,17,0,24,0,2,0,0,1
1,0,8.5,0,-1,13,2,0,0,0,17205507,0,0,14,0,18,0,25,0,1,0,0,1
-1,2,4.5,0,-1,16,2,0,0,0,7476906,0,0,5,0,10,0,17,1,1,0,0,1
-1,1,3.5,0,-1,15,2,0,0,0,-1,0,0,4,0,8,0,15,2,1,0,0,1
-1,1,6.5,0,604087,10,2,0,0,0,1018172,0,0,10,0,14,0,21,9,1,0,0,1
-1,1,4.0,0,127730,19,3,0,0,0,158091,0,0,5,0,14,0,21,0,2,0,0,1
-1,1,14.0,0,146448,18,2,0,0,0,928912,0,0,25,0,29,0,36,1,1,0,0,1
1,1,6.0,0,44014,12,2,0,0,0,784783,0,0,9,0,13,0,20,0,1,0,0,1
1,1,7.0,0,38371,-1,2,0,0,0,1195141,0,0,11,0,15,0,22,1,1,0,0,1
1,0,5.0,0,-1,11,2,0,0,0,-1,0,0,7,0,11,0,18,0,1,0,0,1
-1,1,8.666666666666666,0,20435,22,3,0,0,0,1841351,0,0,15,0,28,0,35,2,2,0,0,1
1,1,4.5,0,-1,1,2,0,0,0,-1,0,0,6,0,10,0,17,0,1,0,0,1
1,0,5.5,0,-1,2,2,0,0,0,-1,0,0,8,0,12,0,19,0,1,0,0,1
-1,0,5.666666666666667,0,-1,14,3,0,0,0,-1,0,0,12,0,19,0,26,0,2,0,0,1
1,1,5.333333333333333,0,-1,11,3,0,0,0,4119971,0,0,11,0,18,0,25,1,2,0,0,1
1,0,5.5,0,-1,9,2,0,0,0,7296882,0,0,8,0,12,0,19,0,1,0,0,1
1,1,10.0,0,-1,0,2,0,0,0,-1,0,0,17,0,21,0,28,23,1,0,0,1
1,1,7.333333333333333,0,-1,15,3,0,0,0,7175725,0,0,11,0,24,0,31,27,2,0,0,1
1,1,4.5,0,-1,-1,2,0,0,0,-1,0,0,6,0,10,0,17,0,1,0,0,1
-1,0,5.5,0,-1,16,2,0,0,0,-1,0,0,8,0,12,0,19,0,1,0,0,1
1,1,6.5,0,81898,-1,2,0,0,0,3032275,0,0,10,0,14,0,21,24,1,0,2,1
1,1,4.333333333333333,0,-1,-1,3,0,0,0,-1,0,0,6,0,15,0,22,6,1,0,4,1
-1,-1,4.5,0,-1,-1,2,0,0,0,-1,-1,-1,6,0,10,0,17,-1,1,0,-1,1
-1,-1,3.0,0,-1,-1,2,0,0,0,-1,-1,-1,4,0,7,0,14,-1,1,0,-1,1
1,1,7.0,0,-1,9,2,0,0,0,15354749,0,0,11,0,15,0,22,0,1,0,3,1
1,0,7.5,0,-1,-1,2,0,0,0,-1,0,0,12,0,16,0,23,0,1,0,0,1
-1,-1,5.5,0,-1,-1,2,0,0,0,-1,-1,-1,8,0,12,0,19,-1,1,0,-1,1
-1,-1,5.5,0,-1,-1,2,0,0,0,-1,-1,-1,9,0,12,0,19,-1,1,0,-1,1
-1,-1,5.0,0,-1,-1,3,0,0,0,-1,-1,-1,7,0,17,0,24,-1,2,0,-1,1
1,1,4.0,0,633181,-1,2,0,0,0,611020,0,0,5,0,9,0,16,1,1,0,0,1
1,1,6.25,0,633181,-1,4,0,0,0,611020,0,0,12,0,28,0,35,1,3,0,0,1
-1,-1,5.0,9.0,-1,-1,2,0,0,0,-1,-1,-1,7,9,11,10,28,-1,1,1,-1,1
-1,1,4.666666666666667,7.75,-1,1,3,0,0,0,-1,1,1,6,12,16,35,59,2,2,4,0,1
1,1,6.666666666666667,0,633181,-1,3,0,0,0,611020,0,0,9,0,22,0,29,1,2,0,0,1
-1,1,6.5,0,-1,-1,2,0,0,0,-1,0,0,10,0,14,0,21,15,1,0,0,1
-1,-1,4.571428571428571,0,-1,-1,7,0,0,0,-1,-1,-1,8,0,38,0,45,-1,3,0,-1,1
-1,0,9.0,0,-1,0,2,0,0,0,-1,0,0,15,0,19,0,26,0,1,0,0,1
1,0,6.333333333333333,0,-1,9,3,0,0,0,-1,0,0,8,0,21,0,28,0,2,0,0,1
-1,1,5.0,0,-1,7,2,0,0,0,-1,0,0,7,0,11,0,18,16,1,0,0,1
1,1,4.5,0,633181,-1,2,0,0,0,611020,0,0,6,0,10,0,17,1,1,0,0,1
-1,-1,6.5,0,-1,-1,2,0,0,0,-1,-1,-1,10,0,14,0,21,-1,1,0,-1,1
1,1,4.0,0,633181,-1,2,0,0,0,611020,0,0,5,0,9,0,16,1,1,0,0,1
-1,-1,6.0,0,-1,-1,2,0,0,0,-1,-1,-1,10,0,13,0,20,-1,1,0,-1,1
1,1,6.0,0,633181,-1,3,0,0,0,611020,0,0,8,0,20,0,27,1,2,0,0,1
1,0,6.5,0,-1,10,2,0,0,0,-1,0,0,10,0,14,0,21,0,1,0,0,1
-1,-1,3.5,0,-1,-1,2,0,0,0,-1,-1,-1,5,0,8,0,15,-1,1,0,-1,1
-1,-1,5.0,0,-1,-1,2,0,0,0,-1,-1,-1,7,0,11,0,18,-1,1,0,-1,1
1,0,6.0,0,-1,-1,2,0,0,0,-1,0,0,9,0,13,0,20,0,1,0,0,1
1,1,7.0,0,-1,0,2,0,0,0,-1,0,0,11,0,15,0,22,0,1,0,0,1
1,1,3.6666666666666665,0,633181,-1,3,0,0,0,611020,0,0,5,0,13,0,20,1,1,0,0,1
1,1,8.0,0,-1,17,2,0,0,0,-1,0,0,13,0,17,0,24,0,1,0,3,1
1,1,5.0,0,-1,5,2,0,0,0,-1,0,0,7,0,11,0,18,0,1,0,0,1
1,1,5.5,0,633181,-1,2,0,0,0,611020,0,0,9,0,12,0,19,1,1,0,0,1
-1,-1,3.5,0,-1,1,2,0,0,0,-1,-1,-1,4,0,8,0,15,-1,1,0,-1,1
1,1,3.5,0,633181,-1,2,0,0,0,611020,0,0,4,0,8,0,15,1,1,0,0,1
1,1,8.333333333333334,0,633181,-1,3,0,0,0,611020,0,0,12,0,27,0,34,1,2,0,0,1
1,1,3.5,0,-1,1,2,0,0,0,-1,0,0,5,0,8,0,15,0,1,0,0,1
-1,-1,4.5,0,-1,-1,2,0,0,0,-1,-1,-1,6,0,10,0,17,-1,1,0,-1,1
-1,-1,5.0,0,-1,-1,2,0,0,0,-1,-1,-1,7,0,11,0,18,-1,1,0,-1,1
1,-1,6.0,0,-1,-1,2,0,0,0,-1,-1,-1,9,0,13,0,20,-1,1,0,-1,1
1,0,6.5,0,-1,-1,2,0,0,0,-1,0,0,10,0,14,0,21,0,1,0,0,1
1,1,3.5,0,-1,5,2,0,0,0,-1,0,0,5,0,8,0,15,3,1,0,0,1
1,0,5.5,0,-1,9,2,0,0,0,-1,0,0,8,0,12,0,19,0,1,0,0,1
-1,-1,4.5,0,-1,-1,2,0,0,0,-1,-1,-1,7,0,10,0,17,-1,1,0,-1,1
1,0,4.0,0,-1,9,2,0,0,0,-1,0,0,5,0,9,0,16,0,1,0,0,1
-1,-1,7.0,0,-1,-1,3,0,0,0,-1,-1,-1,10,0,23,0,30,-1,2,0,-1,1
1,1,6.0,0,633181,-1,2,0,0,0,611020,0,0,9,0,13,0,20,1,1,0,0,1
1,1,5.5,0,-1,7,2,0,0,0,-1,0,0,8,0,12,0,19,0,1,0,3,1
-1,-1,7.5,0,-1,-1,2,0,0,0,-1,-1,-1,12,0,16,0,23,-1,1,0,-1,1
1,1,7.5,0,633181,-1,2,0,0,0,611020,0,0,12,0,16,0,23,1,1,0,0,1
1,1,4.5,0,633181,-1,2,0,0,0,611020,0,0,6,0,10,0,17,1,1,0,0,1
-1,-1,9.0,0,-1,-1,2,0,0,0,-1,-1,-1,15,0,19,0,26,-1,1,0,-1,1
1,1,5.0,0,633181,-1,3,0,0,0,611020,0,0,10,0,17,0,24,1,2,0,0,1
1,1,6.333333333333333,0,633181,-1,3,0,0,0,611020,0,0,8,0,21,0,28,1,2,0,0,1
-1,-1,5.0,0,-1,-1,2,0,0,0,-1,-1,-1,8,0,11,0,18,-1,1,0,-1,1
-1,-1,4.333333333333333,0,-1,-1,3,0,0,0,-1,-1,-1,8,0,15,0,22,-1,2,0,-1,1
1,1,8.0,0,-1,19,2,0,0,0,-1,0,0,13,0,17,0,24,0,1,0,0,1
1,1,6.5,0,-1,16,2,0,0,0,10868425,1,1,10,0,14,0,21,97,1,0,0,1
-1,1,4.666666666666667,0,-1,6,3,0,0,0,-1,0,0,6,0,16,0,23,1,1,0,0,1
1,0,6.5,0,-1,7,2,0,0,0,-1,0,0,10,0,14,0,21,0,1,0,0,1
-1,-1,6.5,0,-1,-1,2,0,0,0,-1,-1,-1,10,0,14,0,21,-1,1,0,-1,1
1,1,6.5,0,633181,-1,2,0,0,0,611020,0,0,10,0,14,0,21,1,1,0,0,1
1,0,9.0,0,-1,16,2,0,0,0,-1,0,0,15,0,19,0,26,0,1,0,0,1
-1,0,8.333333333333334,0,-1,0,3,0,0,0,-1,0,0,12,0,27,0,34,0,2,0,0,1
1,1,4.0,0,-1,16,3,0,0,0,-1,0,0,8,0,14,0,21,0,2,0,0,1
-1,0,7.5,0,304226,16,2,0,0,0,3677735,0,0,12,0,16,0,23,0,1,0,0,1
1,1,4.0,0,-1,17,2,0,0,0,-1,0,0,5,0,9,0,16,1,1,0,0,1
-1,-1,8.0,0,-1,13,2,0,0,0,-1,-1,-1,13,0,17,0,24,-1,1,0,-1,1
0,0,5.75,0,-1,17,4,0,0,0,1286385,0,0,9,0,26,0,33,0,3,0,0,1
0,1,9.333333333333334,0,314800,18,3,0,0,0,368638,0,0,17,0,30,0,37,1,2,0,0,1
1,1,3.5,0,1305310,-1,2,0,0,0,5859170,0,0,4,0,8,0,15,85,1,0,2,1
1,1,7.0,0,-1,-1,2,0,0,0,12658796,0,0,11,0,15,0,22,90,1,0,0,1
1,1,7.5,0,-1,0,2,0,0,0,-1,0,0,12,0,16,0,23,0,1,0,0,1
-1,-1,2.0,0,-1,-1,2,0,0,0,-1,-1,-1,2,0,5,0,12,-1,1,0,-1,1
0,1,2.5,0,-1,10,2,0,0,0,11224771,0,0,3,0,6,0,13,110,1,0,0,1
1,1,4.5,0,-1,17,2,0,0,0,-1,0,0,7,0,10,0,17,1,1,0,0,1
-1,-1,8.0,0,-1,-1,2,0,0,0,-1,-1,-1,13,0,17,0,24,-1,1,0,-1,1
-1,0,7.0,0,-1,1,2,0,0,0,-1,0,0,11,0,15,0,22,0,1,0,0,1
-1,0,2.0,0,-1,0,2,0,0,0,-1,0,0,2,0,5,0,12,0,1,0,0,1
1,0,5.5,0,-1,11,2,0,0,0,-1,0,0,8,0,12,0,19,0,1,0,0,1
1,0,5.5,0,-1,10,2,0,0,0,-1,0,0,8,0,12,0,19,0,1,0,0,1
1,1,7.5,0,-1,9,2,0,0,0,11301674,0,0,12,0,16,0,23,75,1,0,3,1
-1,-1,8.5,0,-1,10,2,0,0,0,-1,-1,-1,14,0,18,0,25,-1,1,0,-1,1
-1,-1,8.0,0,-1,-1,2,0,0,0,-1,-1,-1,14,0,17,0,24,-1,1,0,-1,1
-1,-1,7.0,0,-1,17,2,0,0,0,-1,-1,-1,11,0,15,0,22,-1,1,0,-1,1
1,1,7.5,0,-1,-1,2,0,0,0,-1,0,0,12,0,16,0,23,0,1,0,1,1
-1,1,5.5,0,-1,10,2,0,0,0,9492783,0,0,9,0,12,0,19,0,1,0,0,1
-1,0,5.0,5.0,-1,12,2,0,0,0,-1,0,0,7,5,11,6,38,0,1,1,0,1
1,0,9.0,0,-1,12,2,0,0,0,3083908,0,0,15,0,19,0,26,1,1,0,0,1
1,1,11.0,0,-1,-1,2,0,0,0,12966156,0,0,19,0,23,0,30,22,1,0,0,1
1,1,6.0,0,11732,14,4,0,0,0,288119,0,0,7,0,27,0,34,1,1,0,0,1
-1,1,10.5,0,-1,0,2,0,0,0,-1,0,0,18,0,22,0,29,0,1,0,0,1
-1,1,7.0,0,-1,-1,2,0,0,0,-1,0,0,12,0,15,0,22,0,1,0,0,1
1,0,5.333333333333333,0,1923,21,3,0,0,0,3655,0,0,10,0,18,0,25,1,2,0,0,1
-1,0,4.0,0,51,17,2,0,0,0,2166,0,0,5,0,9,0,16,0,1,0,0,1
1,1,5.5,0,-1,17,2,0,0,0,-1,0,0,9,0,12,0,19,1,1,0,0,1
-1,-1,9.5,0,-1,-1,2,0,0,0,-1,-1,-1,16,0,20,0,27,-1,1,0,-1,1
-1,1,9.0,0,2655,10,2,0,0,0,299884,0,0,15,0,19,0,26,1,1,0,0,1
1,0,14.5,0,-1,-1,2,0,0,0,-1,0,0,26,0,30,0,37,0,1,0,0,1
-1,-1,6.666666666666667,0,-1,0,3,0,0,0,-1,-1,-1,15,0,22,0,29,-1,2,0,-1,1
0,1,6.666666666666667,0,-1,-1,3,0,0,0,-1,0,0,14,0,22,0,29,68,2,0,0,1
0,0,7.0,0,-1,0,3,0,0,0,17504992,0,0,15,0,23,0,30,0,2,0,0,1
-1,1,7.0,0,-1,0,3,0,0,0,8352491,0,0,15,0,23,0,30,1,2,0,0,1
-1,0,7.333333333333333,0,-1,0,3,0,0,0,17099845,0,0,16,0,24,0,31,0,2,0,0,1
1,1,8.0,0,-1,0,3,0,0,0,-1,0,0,18,0,26,0,33,23,2,0,0,1
1,1,5.5,0,-1,0,4,0,0,0,-1,0,0,13,0,25,0,32,23,2,0,0,1
-1,1,7.0,0,-1,0,3,0,0,0,-1,0,0,16,0,23,0,30,0,2,0,0,1
0,1,5.8,0,-1,-1,5,0,0,0,-1,0,0,9,0,33,0,40,8,2,0,0,1
1,1,4.8,0,-1,1,5,0,0,0,-1,0,0,8,0,28,0,35,1,2,0,0,1
-1,1,5.6,0,-1,1,5,0,0,0,-1,0,0,8,0,32,0,39,1,2,0,0,1
1,1,5.8,0,-1,1,5,0,0,0,-1,0,0,9,0,33,0,40,1,2,0,0,1
-1,1,7.333333333333333,0,-1,0,3,0,0,0,-1,0,0,16,0,24,0,31,1,2,0,0,1
1,1,8.333333333333334,0,-1,0,3,0,0,0,9605673,0,0,19,0,27,0,34,21,2,0,0,1
-1,0,9.333333333333334,0,-1,0,3,0,0,0,8398289,0,0,22,0,30,0,37,3,2,0,0,1
-1,1,5.333333333333333,0,-1,0,3,0,0,0,-1,0,0,10,0,18,0,25,45,2,0,0,1
1,0,7.333333333333333,0,-1,0,3,0,0,0,-1,0,0,16,0,24,0,31,0,2,0,0,1
1,1,7.0,0,-1,0,3,0,0,0,-1,0,0,15,0,23,0,30,21,2,0,0,1
1,1,6.0,0,-1,1,3,0,0,0,-1,0,0,12,0,20,0,27,21,2,0,0,1
1,0,7.333333333333333,0,-1,1,3,0,0,0,19013562,0,0,16,0,24,0,31,1,2,0,0,1
1,1,8.5,5.833333333333333,-1,0,2,0,0,0,-1,0,0,14,14,18,41,66,52,2,6,0,1
-1,1,5.333333333333333,6.5,-1,6,3,0,0,0,-1,0,0,11,10,18,45,70,1,3,6,0,1
1,1,5.0,6.0,-1,-1,2,1,0,0,7028369,0,0,7,8,11,21,39,30,2,3,0,1
1,1,10.5,4.666666666666667,-1,9,2,1,0,0,-1,0,0,18,7,22,17,46,0,2,3,0,1
1,1,8.333333333333334,4.333333333333333,16231,0,3,1,0,0,4972324,0,0,13,9,27,17,51,13,3,3,0,1
1,1,5.5,16.0,1559,1,2,0,0,0,3818,0,0,8,32,12,51,70,11,1,3,0,1
-1,1,10.333333333333334,9.0,-1,7,3,0,0,0,-1,0,0,25,11,33,30,70,0,2,3,0,1
1,1,10.5,4.857142857142857,-1,14,2,1,0,0,-1,0,0,18,12,22,41,70,1,2,7,0,1
1,1,6.0,2.75,-1,6,3,1,0,0,8593156,0,0,12,4,20,16,44,0,4,4,0,1
1,1,4.75,5.0,-1,10,4,1,0,0,-1,0,0,12,7,22,24,53,26,4,4,2,1
1,1,7.5,3.1666666666666665,-1,-1,2,1,0,0,-1,0,0,12,5,16,25,49,3,4,6,0,1
-1,-1,7.5,3.1666666666666665,-1,0,2,1,0,0,-1,-1,-1,12,5,16,25,48,-1,4,6,-1,1
-1,-1,5.333333333333333,6.5,-1,0,3,1,0,0,-1,-1,-1,11,10,18,45,70,-1,3,6,-1,1
1,0,3.3333333333333335,5.25,-1,10,3,1,0,0,-1,0,0,5,10,12,51,70,0,3,8,0,1
1,1,7.5,8.4,-1,10,2,1,0,0,-1,0,0,12,19,16,47,70,1,4,5,0,1
1,1,5.75,3.5,-1,-1,4,1,0,0,7028369,0,0,14,4,26,18,70,30,4,4,0,1
1,1,5.75,4.25,-1,-1,4,1,0,0,9639168,0,0,14,7,26,21,70,0,4,4,0,1
1,1,5.0,6.666666666666667,-1,6,3,1,0,0,-1,0,0,9,10,17,46,70,0,2,6,0,1
1,1,7.0,3.3333333333333335,-1,-1,3,1,0,0,-1,0,0,15,7,23,14,44,0,2,3,0,1
1,1,7.0,5.25,-1,-1,2,1,0,0,-1,0,0,11,9,15,26,48,0,1,4,0,1
-1,-1,7.0,5.5,-1,-1,2,1,0,0,-1,-1,-1,11,11,15,27,49,-1,1,4,-1,1
1,1,7.0,3.3333333333333335,314330,1,3,0,0,0,3266975,0,0,15,7,23,14,44,0,2,3,0,1
1,1,7.0,3.3333333333333335,-1,1,3,1,0,0,-1,0,0,15,7,23,14,44,7,2,3,0,1
1,1,5.5,15.666666666666666,-1,6,2,1,0,0,-1,0,0,8,32,12,50,70,3,1,3,0,1
1,1,9.0,3.6,-1,6,2,1,0,0,-1,0,0,15,7,19,23,49,3,2,5,0,1
1,1,9.0,3.6,-1,1,2,1,0,0,-1,0,0,15,7,19,23,49,7,2,5,0,1
1,1,9.0,3.6,-1,1,2,1,0,0,-1,0,0,15,7,19,23,49,7,2,5,0,1
-1,1,9.0,3.6,-1,7,2,0,0,0,-1,0,0,15,7,19,23,49,0,2,5,0,1
1,1,9.0,3.6,-1,1,2,1,0,0,-1,0,0,15,7,19,23,49,7,2,5,0,1
1,1,9.0,3.6,-1,1,2,1,0,0,-1,0,0,15,7,19,23,49,7,2,5,0,1
1,1,5.5,5.5,-1,1,2,1,0,0,-1,0,0,9,12,12,39,58,7,2,6,0,1
1,1,5.666666666666667,3.5,-1,1,3,1,0,0,-1,0,0,9,5,19,18,44,7,3,4,0,1
1,1,8.25,7.333333333333333,-1,1,4,1,0,0,-1,0,0,13,9,36,26,70,7,3,3,0,1
1,1,2.25,35.0,-1,1,4,1,1,0,-1,0,0,3,35,12,37,56,7,3,1,0,1
-1,-1,9.0,3.857142857142857,-1,-1,2,0,0,0,-1,-1,-1,16,8,19,35,61,-1,2,7,-1,1
1,1,4.666666666666667,10.5,-1,1,3,0,0,0,9038589,0,0,6,17,16,24,48,0,2,2,0,1
1,1,11.0,4.5,4995,-1,3,0,0,0,1027293,0,0,17,5,35,11,53,0,3,2,0,1
-1,-1,8.0,5.8,-1,-1,2,1,0,0,-1,-1,-1,13,12,17,34,58,-1,2,5,-1,1
1,1,18.0,4.5,1559,1,2,0,0,0,3818,0,0,33,5,37,11,55,15,2,2,0,1
-1,1,10.0,6.0,-1,-1,3,0,0,0,-1,0,0,14,8,32,21,70,0,3,3,0,1
1,0,11.333333333333334,7.333333333333333,-1,-1,3,1,0,0,-1,0,0,18,9,36,26,70,0,3,3,0,1
1,1,6.0,4.0,1,-1,3,0,0,0,2,0,0,12,5,20,10,37,7,3,2,0,1
1,0,5.25,3.5,1559,1,4,0,0,0,3818,0,0,8,5,24,9,70,1,3,2,0,1
1,1,11.5,4.5,-1,0,2,1,0,0,-1,0,0,20,5,24,11,42,5,2,2,2,1
-1,1,5.75,17.5,-1,0,4,1,0,0,-1,0,0,8,20,26,37,70,4,2,2,2,1
1,0,5.75,15.0,1559,1,4,0,0,0,3818,0,0,8,15,26,17,50,4,2,1,0,1
1,1,4.666666666666667,12.0,1559,1,3,0,0,0,3818,0,0,6,20,16,27,51,15,2,2,0,1
1,-1,10.666666666666666,6.0,-1,0,3,0,0,0,-1,-1,-1,16,9,34,28,70,-1,3,4,-1,1
1,-1,4.666666666666667,11.5,-1,0,3,1,0,0,-1,-1,-1,6,19,16,26,50,-1,2,2,-1,1
1,1,8.666666666666666,5.666666666666667,-1,11,3,1,0,0,-1,0,0,13,8,28,20,56,14,3,3,2,1
-1,1,9.75,8.5,8465,8,4,0,0,0,22789,0,0,13,9,42,20,70,0,2,2,0,1
1,1,7.0,0,-1,0,3,0,0,0,-1,0,0,15,0,23,1,32,3,2,0,0,1
-1,-1,10.25,8.0,-1,-1,4,0,0,0,-1,-1,-1,20,8,44,18,70,-1,2,2,-1,1
1,1,4.666666666666667,12.5,138224,2,3,1,0,0,1374004,0,0,6,21,16,28,52,0,2,2,0,1
1,1,10.0,5.666666666666667,138224,2,3,1,0,0,1374004,0,0,14,8,32,20,60,0,3,3,0,1
1,1,10.333333333333334,6.25,1,-1,3,0,0,0,2,0,0,15,9,33,29,70,12,3,4,0,1
1,1,4.2,2.5,1559,1,5,0,0,0,3818,0,0,6,4,25,8,40,15,2,2,0,1
1,1,4.2,0,1,-1,5,0,0,0,2,0,0,6,0,25,1,33,7,2,0,0,1
1,1,8.666666666666666,7.75,1559,1,3,0,0,0,3818,0,0,13,11,28,35,70,5,2,4,0,1
1,1,8.666666666666666,7.75,1559,1,3,0,0,0,3818,0,0,13,11,28,35,70,15,2,4,0,1
1,1,3.25,0,-1,0,4,0,0,0,6442563,0,0,5,0,17,0,25,0,1,0,0,1
1,1,6.0,0,1559,1,4,0,0,0,3818,0,0,13,0,27,1,35,15,2,0,0,1
1,1,9.0,4.4,1,-1,3,0,0,0,2,0,0,13,6,29,27,63,7,3,5,0,1
1,1,7.0,0,1559,1,2,0,0,0,3818,0,0,10,0,15,1,24,5,1,0,0,1
1,1,5.5,0,1559,1,2,0,0,0,3818,0,0,8,0,12,1,20,15,1,0,0,1
-1,-1,3.25,0,21662,10,4,1,0,0,124196,-1,-1,5,0,17,1,25,-1,1,0,-1,1
1,1,14.5,0,98143,0,2,0,0,0,5238674,0,0,26,0,30,1,39,1,1,0,0,1
1,1,5.0,5.428571428571429,98143,0,3,0,0,0,5238674,0,0,10,9,17,45,70,1,2,7,0,1
1,1,5.333333333333333,5.0,1559,1,3,0,0,0,3818,0,0,7,5,18,7,32,15,2,1,0,1
1,1,5.333333333333333,4.666666666666667,1559,1,3,0,0,0,3818,0,0,7,6,18,17,42,15,3,3,0,1
-1,1,6.5,4.333333333333333,-1,0,2,0,0,0,-1,0,0,10,5,14,16,70,60,3,3,0,1
1,1,12.0,3.0,1559,1,2,0,0,0,3818,0,0,22,3,25,9,42,58,1,2,1,1
1,0,10.333333333333334,8.0,1559,1,3,0,0,0,3818,0,0,15,8,33,10,50,6,2,1,0,1
-1,0,8.333333333333334,5.0,-1,0,3,0,0,0,-1,0,0,13,8,27,36,70,0,3,6,0,1
0,1,9.0,5.0,-1,0,2,0,0,0,-1,0,0,15,13,19,37,64,25,3,6,0,1
-1,0,8.0,5.75,-1,0,4,0,0,0,-1,0,0,13,9,35,27,70,0,3,4,0,1
1,1,11.0,3.6,-1,0,2,0,0,0,-1,0,0,19,6,23,23,53,0,2,5,0,1
1,1,7.75,6.0,-1,-1,4,1,0,0,-1,0,0,13,9,34,28,70,3025,3,4,0,1
-1,1,4.666666666666667,11.5,-1,-1,3,1,0,0,-1,0,0,6,19,16,26,50,1,2,2,0,1
-1,1,11.666666666666666,4.5,-1,-1,3,1,0,0,-1,0,0,19,5,37,11,55,1,3,2,0,1
-1,-1,7.0,6.5,-1,-1,4,0,0,0,-1,-1,-1,13,9,31,30,69,-1,3,4,-1,1
1,1,6.5,0,-1,0,4,0,0,0,-1,0,0,18,0,29,1,37,2,3,0,0,1
1,0,4.666666666666667,11.5,-1,-1,3,1,0,0,-1,0,0,6,19,16,26,50,0,2,2,0,1
1,0,11.666666666666666,4.5,1559,1,3,0,0,0,3818,0,0,19,5,37,11,55,0,3,2,0,1
1,1,11.0,3.6,1559,1,2,1,0,0,3818,0,0,19,6,23,23,53,15,2,5,0,1
1,1,6.0,4.0,-1,8,3,1,0,0,2551852,0,0,12,5,20,10,37,31,3,2,0,1
1,1,4.2,2.5,1559,1,5,0,0,0,3818,0,0,6,4,25,8,40,15,2,2,0,1
-1,1,11.0,3.6,-1,0,2,1,0,0,-1,0,0,19,6,23,23,53,4,2,5,0,1
1,1,11.0,3.6,1559,1,2,0,0,0,3818,0,0,19,6,23,23,53,15,2,5,0,1
1,1,5.833333333333333,3.0,1,-1,6,0,0,0,2,0,0,10,5,40,12,61,7,4,3,0,1
1,0,4.0,4.0,1559,1,2,0,0,0,3818,0,0,6,6,9,20,36,1,2,4,0,1
1,1,10.0,6.25,1559,1,2,0,0,0,3818,0,0,18,10,21,29,57,5,2,4,0,1
1,0,4.666666666666667,13.5,-1,-1,3,0,0,0,-1,0,0,6,23,16,30,54,26,2,2,0,1
1,1,1.5,5.0,1,-1,2,0,0,0,2,0,0,2,5,4,6,17,7,1,1,0,1
1,0,10.0,6.0,1559,1,3,0,0,0,3818,0,0,14,9,32,21,66,1,3,3,0,1
-1,1,4.666666666666667,11.5,-1,0,3,1,0,0,-1,0,0,6,19,16,26,50,4,2,2,0,1
1,1,10.0,6.0,-1,11,3,1,0,0,-1,0,0,14,9,32,21,61,14,3,3,2,1
1,1,9.666666666666666,7.0,98143,0,3,0,0,0,5238674,0,0,23,13,31,32,70,1,2,4,0,1
-1,1,9.666666666666666,4.6,-1,0,3,1,0,0,-1,0,0,23,8,31,28,66,4,3,5,0,1
-1,1,6.666666666666667,9.0,-1,0,3,1,0,0,-1,0,0,14,29,22,40,70,4,2,4,0,1
-1,1,4.666666666666667,11.5,-1,-1,3,0,0,0,-1,0,0,6,19,16,26,50,0,2,2,0,1
1,1,5.5,2.6666666666666665,-1,9,2,0,0,0,-1,0,0,8,4,12,11,30,0,2,3,0,1
1,1,4.333333333333333,3.3333333333333335,-1,-1,3,1,0,0,-1,0,0,7,4,15,14,37,0,2,3,0,1
1,1,4.333333333333333,3.3333333333333335,1,-1,3,0,0,0,2,0,0,7,4,15,13,36,13,2,3,0,1
-1,-1,8.0,5.0,-1,-1,2,0,0,0,-1,-1,-1,13,6,17,18,42,-1,2,3,-1,1
1,0,4.666666666666667,3.75,352901,7,3,0,0,0,383409,0,0,9,5,16,19,66,0,3,4,0,1
1,-1,6.5,5.666666666666667,588033,16,2,1,0,0,1309976,-1,-1,11,6,14,21,42,-1,1,3,-1,1
1,1,7.0,4.25,1559,1,2,0,0,0,3818,0,0,11,5,15,21,66,5,4,4,0,1
1,1,9.0,5.666666666666667,1,-1,3,0,0,0,2,0,0,13,8,29,20,57,10,3,3,0,1
1,1,11.5,8.75,1559,1,2,0,0,0,3818,0,0,20,22,24,39,70,5,1,4,0,1
1,1,2.5,3.4,-1,5,4,1,1,0,-1,0,0,3,4,13,22,42,0,5,5,0,1
1,2,8.666666666666666,3.7142857142857144,-1,5,3,0,0,0,-1,0,0,13,6,28,33,69,5,3,7,0,1
1,1,2.5,9.0,-1,5,4,1,1,0,-1,0,0,3,32,13,50,70,0,3,5,0,1
1,-1,2.5,9.0,-1,-1,4,0,1,0,-1,-1,-1,3,32,13,50,70,-1,3,5,-1,1
1,1,6.5,5.0,1,-1,2,0,0,0,2,0,0,11,6,14,30,70,1,2,5,0,1
-1,1,4.666666666666667,6.0,-1,3,3,0,0,0,20460928,0,0,7,10,16,28,51,0,3,4,0,1
0,1,6.666666666666667,9.25,120575,7,3,1,0,0,6968573,0,0,14,15,22,41,70,6,2,4,0,1
0,1,7.0,19.5,120575,7,2,1,0,0,6968573,0,0,12,32,15,42,64,1,1,2,0,1
1,1,9.5,13.0,-1,1,2,1,0,0,-1,0,0,16,18,20,42,70,1,1,3,0,1
1,1,6.0,11.5,-1,-1,2,0,0,0,-1,0,0,9,29,13,50,70,11,1,4,0,1
-1,0,8.5,9.75,-1,-1,2,1,0,0,-1,0,0,14,32,18,44,69,0,1,4,0,1
1,1,5.0,12.333333333333334,-1,0,4,1,0,0,-1,0,0,7,25,23,40,70,0,2,3,0,1
1,1,8.0,12.666666666666666,1559,1,2,0,0,0,3818,0,0,13,32,17,42,66,5,1,3,0,1
1,1,2.5,9.0,-1,3,4,0,1,0,8667968,0,0,3,32,13,50,70,0,3,5,0,1
-1,1,4.285714285714286,26.0,-1,-1,7,1,0,0,-1,0,0,10,26,36,27,70,2,4,1,0,1
1,1,8.666666666666666,4.833333333333333,1559,1,3,0,0,0,3818,0,0,20,8,28,35,70,15,2,6,0,1
1,1,4.25,9.75,-1,-1,4,1,0,0,-1,0,0,7,28,20,43,70,0,2,4,0,1
1,1,5.0,12.333333333333334,-1,-1,4,1,0,0,-1,0,0,7,25,23,40,70,0,2,3,0,1
-1,1,8.5,9.75,-1,-1,2,1,0,0,-1,0,0,14,32,18,44,69,1,1,4,0,1
0,1,5.5,9.2,-1,10,2,1,0,0,-1,0,0,8,26,12,51,70,0,1,5,0,1
1,1,3.25,4.5,-1,11,4,1,0,0,-1,0,0,5,7,16,11,35,2,3,2,0,1
1,2,4.666666666666667,12.0,-1,-1,3,1,0,0,8569538,0,0,6,20,16,27,51,1,2,2,0,1
-1,1,6.0,3.0,21005,6,3,0,0,0,655999,0,0,13,3,20,5,32,15,2,1,0,1
1,0,6.0,3.0,-1,5,3,1,0,0,-1,0,0,13,3,20,4,31,0,2,1,0,1
1,1,9.333333333333334,5.666666666666667,-1,5,3,1,0,0,-1,0,0,13,8,30,20,58,3,3,3,0,1
1,1,4.666666666666667,10.0,-1,1,3,1,0,0,-1,0,0,6,16,16,23,47,0,2,2,0,1
1,0,10.666666666666666,6.0,-1,7,3,1,0,0,-1,0,0,16,9,34,28,70,0,3,4,0,1
1,1,5.833333333333333,16.0,-1,-1,6,1,0,0,-1,0,0,8,16,40,17,64,0,5,1,0,1
0,1,5.833333333333333,16.0,-1,0,6,0,0,0,-1,0,0,8,16,40,17,64,0,5,1,0,1
1,1,5.833333333333333,16.0,-1,1,6,1,0,0,-1,0,0,8,16,40,17,64,1,5,1,0,1
1,0,5.833333333333333,16.0,-1,-1,6,1,0,0,-1,0,0,8,16,40,17,64,0,5,1,0,1
1,1,5.833333333333333,16.0,-1,1,6,1,0,0,-1,0,0,8,16,40,17,64,0,5,1,0,1
1,1,11.0,5.0,-1,5,2,1,0,0,-1,0,0,20,9,23,24,54,3,2,4,0,1
1,1,5.833333333333333,16.0,-1,7,6,1,0,0,-1,0,0,8,16,40,17,64,11,5,1,0,1
1,1,5.5,0,260,-1,2,0,0,0,16297,0,0,8,0,12,1,20,1,1,0,0,1
1,1,5.5,7.0,1,-1,2,0,0,0,2,0,0,8,11,12,24,43,7,2,3,0,1
1,1,6.0,7.333333333333333,-1,12,2,1,0,0,10268095,0,0,9,12,13,26,70,0,1,3,0,1
1,1,6.5,3.6,-1,12,2,1,0,0,10268095,0,0,11,8,14,46,68,1,2,10,0,1
1,1,4.666666666666667,13.5,1559,1,3,0,0,0,3818,0,0,6,23,16,30,54,5,2,2,0,1
1,1,10.333333333333334,6.0,1,-1,3,0,0,0,2,0,0,15,9,33,21,62,7,3,3,0,1
1,1,4.666666666666667,6.0,1559,1,3,0,0,0,3818,0,0,7,10,16,28,52,15,3,4,0,1
1,0,4.5,4.857142857142857,-1,0,4,0,0,0,-1,0,0,10,10,21,42,70,0,3,7,0,1
1,0,6.666666666666667,4.0,-1,0,3,0,0,0,-1,0,0,14,5,22,10,39,0,3,2,0,1
1,0,6.0,5.0,-1,0,2,0,0,0,-1,0,0,10,8,13,36,70,0,4,6,0,1
1,0,11.5,4.0,-1,0,2,0,0,0,-1,0,0,20,5,24,30,62,0,2,6,0,1
1,0,7.0,4.0,-1,0,3,0,0,0,-1,0,0,15,5,23,10,40,0,3,2,0,1
-1,1,8.0,35.0,-1,-1,3,1,0,0,3021402,0,0,11,35,26,36,70,20,2,1,0,1
1,0,4.666666666666667,12.0,-1,0,3,0,0,0,-1,0,0,6,20,16,27,51,0,2,2,0,1
1,-1,11.0,5.75,-1,0,3,0,0,0,-1,-1,-1,17,9,35,27,70,-1,3,4,-1,1
1,1,4.666666666666667,10.5,-1,0,3,0,0,0,-1,0,0,6,17,16,24,48,0,2,2,0,1
1,1,8.25,4.5,-1,6,4,0,0,0,7246634,0,0,13,5,36,11,54,2,3,2,0,1
1,0,4.666666666666667,10.5,-1,17,3,0,0,0,13775702,0,0,6,17,16,24,48,0,2,2,0,1
-1,-1,10.666666666666666,6.0,-1,-1,3,1,0,0,-1,-1,-1,16,9,34,28,70,-1,3,4,-1,1
-1,-1,5.0,4.5,-1,-1,2,1,0,0,-1,-1,-1,7,6,11,22,40,-1,2,4,-1,1
-1,-1,4.666666666666667,11.0,-1,1,3,0,0,0,-1,-1,-1,6,18,16,25,49,-1,2,2,-1,1
-1,-1,11.333333333333334,7.333333333333333,-1,1,3,1,0,0,-1,-1,-1,18,9,36,26,70,-1,3,3,-1,1
1,1,7.5,4.75,-1,-1,2,1,0,0,9179325,0,0,12,7,16,47,70,26,4,8,0,1
-1,-1,4.666666666666667,16.0,-1,1,3,1,0,0,-1,-1,-1,6,28,16,35,59,-1,2,2,-1,1
-1,-1,10.0,8.5,-1,6,4,0,0,0,3774354,-1,-1,19,9,43,19,70,-1,2,2,-1,1
-1,-1,4.5,0,-1,-1,2,1,0,0,-1,-1,-1,6,0,10,1,19,-1,1,0,-1,1
-1,-1,4.5,0,-1,-1,2,0,0,0,-1,-1,-1,6,0,10,1,18,-1,1,0,-1,1
1,1,10.0,4.333333333333333,1,-1,2,0,0,0,2,0,0,17,5,21,16,70,9,2,3,0,1
1,1,4.333333333333333,3.0,1559,1,3,0,0,0,3818,0,0,8,3,15,5,28,5,2,1,0,1
0,1,7.666666666666667,4.5,-1,10,3,1,0,0,-1,0,0,13,6,25,11,43,0,3,2,0,1
-1,1,6.333333333333333,0,-1,-1,3,1,0,0,-1,0,0,13,0,21,0,28,0,2,0,0,1
1,1,3.2,0,-1,11,5,1,0,0,-1,0,0,7,0,20,0,27,14,2,0,2,1
1,0,6.25,0,-1,-1,4,1,0,0,-1,0,0,17,0,28,1,37,1,3,0,0,1
1,1,9.0,0,-1,3,3,1,0,0,8667968,0,0,21,0,29,1,37,0,2,0,12,1
1,1,9.666666666666666,5.0,-1,11,3,1,0,0,-1,0,0,13,8,31,18,56,14,3,3,2,1
1,1,7.25,4.0,1743,10,4,0,0,0,57954,0,0,13,11,32,31,70,0,2,6,0,1
1,1,8.333333333333334,11.0,1,-1,3,0,0,0,2,0,0,19,20,27,36,70,7,2,3,0,1
1,1,8.333333333333334,11.0,1559,1,3,0,0,0,3818,0,0,19,20,27,36,70,15,2,3,0,1
1,1,8.333333333333334,11.0,1,-1,3,0,0,0,2,0,0,19,20,27,36,70,7,2,3,0,1
1,0,11.0,6.333333333333333,1559,1,2,0,0,0,3818,0,0,19,7,23,23,53,1,1,3,0,1
0,-1,6.5,5.857142857142857,-1,-1,2,0,0,0,-1,-1,-1,9,11,14,49,70,-1,1,7,-1,1
1,1,3.0,9.5,1,-1,3,0,0,0,2,0,0,4,12,11,22,40,7,2,2,0,1
1,1,7.0,8.75,1559,1,3,0,0,0,3818,0,0,16,21,23,40,70,15,2,4,0,1
1,1,6.666666666666667,4.75,-1,1,3,1,0,0,-1,0,0,13,7,22,23,52,21,3,4,0,1
1,1,8.333333333333334,6.2,1,-1,3,0,0,0,2,0,0,13,11,27,36,70,7,2,5,0,1
1,1,10.333333333333334,4.0,1559,1,3,0,0,0,3818,0,0,15,6,33,20,60,15,3,4,0,1
1,1,7.75,4.6,-1,6,4,0,0,0,-1,0,0,13,11,34,28,70,0,2,5,0,1
1,1,4.666666666666667,3.5,1,-1,3,0,0,0,2,0,0,6,5,16,18,64,1,4,4,0,1
1,1,6.333333333333333,7.4,1559,1,3,0,0,0,3818,0,0,14,15,21,42,70,15,2,5,0,1
-1,1,6.0,3.5,-1,0,3,0,0,0,11422404,0,0,13,5,20,28,55,42,4,6,0,1
-1,0,6.0,3.0,-1,0,3,0,0,0,11422404,0,0,13,5,20,18,45,0,3,4,0,1
1,1,6.0,3.5,-1,0,3,0,0,0,-1,0,0,13,5,20,28,55,4,4,6,0,1
1,1,9.5,3.8333333333333335,-1,-1,2,0,0,0,-1,0,0,17,8,20,29,56,0,4,6,0,1
1,1,5.75,5.25,-1,0,4,1,0,0,-1,0,0,8,8,26,25,70,0,3,4,0,1
1,1,6.0,3.0,-1,0,3,0,0,0,-1,0,0,13,5,20,18,45,1,3,4,0,1
1,0,3.75,4.0,560060,-1,4,0,0,0,646843,0,0,7,6,18,30,55,0,4,6,0,1
-1,1,6.0,3.5,6627,-1,3,0,0,0,205643,0,0,13,5,20,28,55,74,4,6,0,1
1,1,10.666666666666666,5.666666666666667,-1,0,3,0,0,0,-1,0,0,16,8,34,20,62,16,3,3,0,1
1,1,10.0,6.5,1559,1,3,0,0,0,3818,0,0,14,9,32,30,70,1,3,4,0,1
1,1,6.333333333333333,3.0,1559,1,3,0,0,0,3818,0,0,11,5,21,16,45,15,2,4,0,1
1,1,10.5,5.0,-1,12,2,1,0,0,-1,0,0,18,9,22,19,48,0,2,3,0,1
1,1,4.666666666666667,3.6666666666666665,-1,12,3,1,0,0,-1,0,0,9,5,16,14,37,0,3,3,0,1
1,1,7.666666666666667,4.5,-1,12,3,1,0,0,-1,0,0,11,5,25,11,44,0,3,2,0,1
-1,1,4.0,0,-1,9,3,1,0,0,2433256,0,0,5,0,14,1,23,0,1,0,0,1
-1,0,4.0,0,-1,1,3,1,0,0,5062985,0,0,5,0,14,1,22,0,1,0,0,1
1,1,4.666666666666667,11.5,-1,-1,3,1,0,0,-1,0,0,6,19,16,26,50,6,2,2,0,1
-1,0,5.75,11.333333333333334,-1,-1,4,0,0,0,-1,0,0,8,16,26,37,70,0,2,3,0,1
1,1,11.0,5.75,1559,1,3,0,0,0,3818,0,0,17,9,35,27,70,4,3,4,0,1
1,1,8.0,6.2,1559,1,3,0,0,0,3818,0,0,13,9,26,36,70,15,3,5,0,1
1,1,4.0,4.0,1559,1,2,1,0,0,3818,0,0,5,4,9,6,22,21,1,1,0,1
1,-1,2.6666666666666665,4.666666666666667,-1,0,3,0,0,0,-1,-1,-1,3,7,10,17,34,-1,2,3,-1,1
1,1,8.0,14.0,1559,1,2,0,0,0,3818,0,0,13,16,17,46,70,4,1,3,0,1
1,1,6.0,6.166666666666667,-1,2,3,1,0,0,8605693,0,0,9,13,20,43,70,0,3,6,0,1
1,1,4.666666666666667,9.333333333333334,-1,15,3,0,0,0,-1,0,0,6,20,16,31,55,29,2,3,0,1
-1,1,4.0,3.6666666666666665,-1,-1,2,1,0,0,-1,0,0,6,5,9,14,30,25,2,3,0,1
-1,1,7.5,7.666666666666667,-1,-1,4,1,0,0,-1,0,0,14,15,33,26,70,25,3,3,0,1
-1,1,3.6666666666666665,7.333333333333333,-1,-1,6,1,0,0,-1,0,0,9,16,27,28,62,25,4,3,0,1
-1,1,3.6666666666666665,7.666666666666667,-1,-1,6,1,0,0,6669214,0,0,9,16,27,27,61,1,4,3,0,1
1,0,5.5,11.666666666666666,138224,2,4,1,0,0,1374004,0,0,9,31,25,38,70,3,2,3,0,1
-1,1,8.666666666666666,6.0,-1,-1,3,1,0,0,-1,0,0,13,8,28,21,70,25,3,3,0,1
-1,1,4.75,7.2,14666,-1,4,0,0,0,280781,0,0,8,12,22,41,70,13,6,5,5,1
-1,1,9.666666666666666,4.75,-1,-1,3,1,0,0,-1,0,0,13,7,31,23,70,25,3,4,0,1
1,1,5.0,6.285714285714286,1559,1,2,0,0,0,3818,0,0,7,15,11,51,69,5,2,7,0,1
1,1,4.666666666666667,15.5,1559,1,3,0,0,0,3818,0,0,6,27,16,34,58,5,2,2,0,1
-1,1,9.75,8.5,-1,-1,4,1,0,0,-1,0,0,18,9,42,20,70,1,2,2,0,1
1,1,7.0,4.0,68283,0,2,0,0,0,2934346,0,0,12,7,15,21,43,6,3,4,0,1
-1,1,4.666666666666667,7.666666666666667,-1,-1,3,1,0,0,13118046,0,0,6,15,16,26,50,0,2,3,0,1
1,1,2.0,11.0,1743,10,2,0,0,0,57954,0,0,2,11,5,12,24,0,1,1,0,1
1,1,10.333333333333334,4.5,-1,0,3,0,0,0,-1,0,0,15,5,33,11,51,129,3,2,3,1
1,1,4.75,7.0,-1,0,4,0,0,0,-1,0,0,7,16,22,24,53,129,3,3,3,1
1,1,8.0,19.5,1,-1,2,0,0,0,2,0,0,13,32,17,42,70,10,1,2,0,1
1,1,7.25,0,138224,2,4,1,0,0,1374004,0,0,13,0,32,1,41,0,2,0,0,1
1,1,4.666666666666667,8.333333333333334,1559,1,3,0,0,0,3818,0,0,6,17,16,28,52,15,2,3,0,1
1,1,9.666666666666666,4.5,1559,1,3,0,0,0,3818,0,0,13,5,31,11,49,15,3,2,0,1
1,1,4.666666666666667,12.5,-1,4,3,0,0,0,-1,0,0,6,21,16,28,52,1,2,2,0,1
1,1,8.666666666666666,5.666666666666667,-1,-1,3,1,0,0,-1,0,0,13,8,28,20,56,1,3,3,0,1
0,0,3.8,6.25,-1,0,5,1,0,0,-1,0,0,9,16,23,29,59,0,3,4,0,1
1,1,3.8,4.666666666666667,-1,0,5,0,0,0,-1,0,0,9,16,23,34,64,2,3,6,0,1
1,1,5.333333333333333,4.6,1,-1,3,0,0,0,2,0,0,12,8,18,28,70,6,3,5,0,1
-1,1,4.333333333333333,6.333333333333333,-1,-1,3,1,0,0,17654129,0,0,9,9,15,23,45,0,2,3,0,1
1,1,3.8,4.666666666666667,-1,1,5,1,0,0,-1,0,0,9,16,23,34,64,49,3,6,0,1
-1,1,8.333333333333334,5.5,-1,7,3,0,0,0,14699734,0,0,20,13,27,26,60,1,3,4,0,1
-1,1,3.8,8.333333333333334,-1,7,5,0,0,0,14699734,0,0,9,17,23,28,58,1,3,3,0,1
1,1,5.0,7.0,-1,0,2,1,0,0,-1,0,0,7,13,11,24,42,1,2,3,0,1
1,0,6.0,4.25,1559,1,3,0,0,0,3818,0,0,13,9,20,42,70,4,2,8,0,1
-1,-1,4.0,5.75,-1,4,2,1,0,0,6117407,-1,-1,6,13,9,27,44,-1,2,4,-1,1
1,1,7.5,7.0,7169,-1,2,0,0,0,829428,0,0,12,13,16,24,47,0,2,3,0,1
1,0,4.5,4.75,1559,1,2,0,0,0,3818,0,0,6,9,10,23,40,5,2,4,0,1
-1,1,4.0,4.666666666666667,-1,0,3,0,0,0,17179740,0,0,7,6,14,17,38,0,3,3,0,1
1,1,7.0,5.0,1,-1,3,0,0,0,2,0,0,16,10,23,24,55,7,3,4,0,1
1,1,6.0,3.0,1559,1,4,0,0,0,3818,0,0,17,5,27,16,70,15,4,4,0,1
1,1,7.0,5.0,-1,-1,3,1,0,0,12475218,0,0,16,10,23,24,70,1,3,4,0,1
1,1,7.0,5.0,1,-1,3,0,0,0,2,0,0,16,10,23,24,54,7,3,4,0,1
-1,1,9.0,6.2,34598,-1,2,0,0,0,32992,0,0,15,12,19,36,63,8,2,5,0,1
1,0,8.0,6.0,1559,1,2,0,0,0,3818,0,0,13,13,17,28,52,1,2,4,0,1
1,1,8.0,5.8,-1,2,2,1,0,0,-1,0,0,13,13,17,34,58,0,2,5,0,1
1,0,8.0,7.0,-1,0,2,1,0,0,-1,0,0,13,13,17,25,49,9,1,3,0,1
1,1,8.0,6.25,1559,1,2,0,0,0,3818,0,0,13,13,17,29,70,1,2,4,0,1
1,1,12.5,5.75,1,-1,2,0,0,0,2,0,0,22,10,26,28,61,7,1,4,0,1
1,0,6.0,5.5,1559,1,3,0,0,0,3818,0,0,12,9,20,26,54,1,3,4,0,1
-1,-1,7.5,4.0,-1,4,2,1,0,0,6117407,-1,-1,12,5,16,15,38,-1,2,3,-1,1
1,1,6.5,7.0,1,-1,2,0,0,0,2,0,0,10,7,14,9,30,1,1,1,0,1
1,1,4.75,4.5,1559,1,4,0,0,0,3818,0,0,10,6,22,33,62,5,3,6,0,1
-1,-1,6.666666666666667,6.0,-1,0,3,1,0,0,-1,-1,-1,11,8,22,21,50,-1,2,3,-1,1
-1,1,6.666666666666667,6.333333333333333,-1,7,3,0,0,0,14699734,0,0,11,8,22,22,51,1,2,3,0,1
-1,1,4.666666666666667,14.0,-1,7,3,0,0,0,14699734,0,0,6,24,16,31,55,1,2,2,0,1
1,1,7.75,6.0,-1,-1,4,1,0,0,-1,0,0,13,9,34,28,70,0,3,4,0,1
1,1,7.5,7.0,-1,-1,2,1,0,0,-1,0,0,12,13,16,24,47,20,2,3,0,1
-1,1,9.333333333333334,0,-1,7,3,0,0,0,14699734,0,0,22,0,30,1,38,1,2,0,0,1
1,1,10.666666666666666,6.0,-1,-1,3,0,0,0,-1,0,0,16,9,34,28,70,2,3,4,0,1
-1,1,13.0,6.0,-1,7,3,0,0,0,14699734,0,0,23,8,41,21,70,1,2,3,0,1
1,1,6.2,5.75,-1,0,5,0,0,0,-1,0,0,13,9,35,27,70,108,3,4,0,1
-1,1,4.5,6.571428571428571,-1,-1,2,1,0,0,22458765,0,0,6,11,10,53,70,0,1,7,0,1
0,1,5.666666666666667,6.166666666666667,-1,-1,3,1,0,0,-1,0,0,12,9,19,43,70,2,2,6,0,1
1,1,5.0,3.0,-1,5,2,0,0,0,-1,0,0,7,4,11,12,67,1,2,3,0,1
1,1,4.0,6.25,-1,2,2,1,0,0,-1,0,0,6,10,9,29,65,2,3,4,0,1
1,0,3.3333333333333335,4.2,-1,-1,3,0,0,0,7502457,0,0,4,8,12,26,45,0,2,5,0,1
1,1,10.0,4.0,-1,-1,3,1,0,0,13259232,0,0,14,7,32,31,70,0,3,6,0,1
1,1,7.0,12.333333333333334,-1,-1,2,0,0,0,-1,0,0,11,32,15,41,63,0,1,3,0,1
1,1,3.6666666666666665,4.75,-1,-1,3,1,0,0,13259232,0,0,6,6,13,23,70,0,4,4,0,1
1,1,5.0,5.0,-1,-1,2,1,0,0,13259232,0,0,8,5,11,13,31,0,1,2,0,1
1,1,4.333333333333333,4.0,-1,8,3,0,0,0,-1,0,0,8,5,15,15,37,0,3,3,0,1
1,0,6.333333333333333,7.4,-1,5,3,1,0,0,-1,1,0,14,11,21,42,70,1,2,5,0,1
1,0,5.75,4.8,-1,5,4,1,0,0,-1,1,0,15,7,26,30,63,1,5,5,0,1
1,0,5.0,8.0,-1,5,2,1,0,0,-1,1,0,7,8,11,9,28,1,1,1,0,1
1,0,4.333333333333333,0,-1,5,6,1,0,0,-1,1,0,6,0,31,0,38,1,2,0,0,1
1,1,4.0,19.0,-1,11,2,1,0,0,-1,0,0,5,32,9,41,58,12,1,2,0,1
1,1,4.0,19.0,-1,8,2,1,0,0,-1,0,0,5,32,9,41,58,0,1,2,12,1
1,1,4.0,19.0,-1,5,2,1,0,0,-1,0,0,5,32,9,41,58,10,1,2,5,1
-1,-1,4.0,19.0,-1,-1,2,0,0,0,-1,-1,-1,5,32,9,40,57,-1,1,2,-1,1
1,1,9.5,19.5,-1,5,2,0,0,0,-1,0,0,16,32,20,42,69,0,1,2,0,1
-1,1,4.0,19.0,-1,14,2,1,0,0,15127985,0,0,5,32,9,41,58,0,1,2,0,1
-1,1,3.0,4.5,-1,-1,4,0,0,0,-1,0,0,4,11,15,33,55,0,6,6,0,1
-1,1,4.0,19.0,-1,-1,2,1,0,0,-1,0,0,5,32,9,41,58,0,1,2,0,1
1,1,4.0,19.0,1,-1,2,0,0,0,2,0,0,5,32,9,40,57,6,1,2,0,1
1,1,4.0,19.0,1559,1,2,0,0,0,3818,0,0,5,32,9,41,58,15,1,2,0,1
1,1,9.0,10.0,-1,5,2,0,0,0,-1,0,0,16,15,19,44,70,2,1,4,0,1
-1,1,3.0,4.2,31374,0,4,0,0,0,1608858,0,0,4,7,15,26,48,1,5,5,0,1
1,1,9.0,7.8,1559,1,2,0,0,0,3818,0,0,15,12,19,44,70,15,1,5,0,1
1,1,9.0,7.8,1559,1,2,0,0,0,3818,0,0,15,12,19,44,70,15,1,5,0,1
1,1,9.0,7.8,1559,1,2,0,0,0,3818,0,0,15,12,19,44,70,15,1,5,0,1
1,0,9.0,7.8,-1,3,2,0,0,0,-1,0,0,15,13,19,44,70,0,1,5,0,1
1,1,9.0,7.8,-1,-1,2,0,0,0,10499752,0,0,15,13,19,44,70,1,1,5,0,1
-1,1,6.0,4.222222222222222,-1,1,2,0,0,0,16831805,0,0,9,6,13,47,67,2,2,9,0,1
1,2,9.0,7.8,-1,0,2,1,0,0,-1,0,0,15,13,19,44,70,5,1,5,0,1
1,1,4.333333333333333,8.6,-1,2,3,1,0,0,13886871,0,0,7,23,15,48,70,1,3,5,0,1
1,1,7.75,3.8333333333333335,1559,1,4,0,0,0,3818,0,0,13,6,34,29,70,15,2,6,0,1
1,1,5.5,11.666666666666666,-1,6,4,0,0,0,-1,0,0,9,31,25,38,70,0,2,3,0,1
-1,1,5.5,11.666666666666666,-1,-1,4,1,0,0,17355786,0,0,9,31,25,38,70,9,2,3,2,1
1,1,3.6666666666666665,5.0,-1,-1,3,1,0,0,-1,0,0,7,5,13,7,27,8,2,1,0,1
0,1,7.5,7.666666666666667,-1,1,2,1,0,0,-1,0,0,13,12,16,27,50,6,1,3,0,1
1,1,7.5,7.666666666666667,-1,-1,2,0,0,0,-1,0,0,13,12,16,26,49,1,1,3,0,1
1,1,9.5,5.142857142857143,-1,-1,2,0,0,0,-1,0,0,16,16,20,43,70,0,4,7,0,1
-1,0,9.0,4.5,2491,15,2,0,0,0,5401,0,0,15,7,19,44,70,0,1,8,0,1
-1,1,5.5,4.333333333333333,83962,-1,2,0,0,0,387877,0,0,8,6,12,17,57,1,2,3,0,1
1,1,5.5,11.666666666666666,-1,0,4,1,0,0,12046959,0,0,9,31,25,38,70,6,2,3,0,1
1,1,6.0,5.142857142857143,-1,0,3,1,0,0,12046959,0,0,12,7,20,43,70,6,3,7,0,1
1,1,9.5,6.0,-1,0,2,1,0,0,12046959,0,0,16,8,20,29,56,6,1,4,0,1
1,1,6.5,5.0,-1,0,2,1,0,0,12046959,0,0,10,7,14,30,51,1,3,5,0,1
1,1,5.0,6.0,-1,0,3,1,0,0,-1,0,0,9,12,17,43,70,6,2,6,0,1
1,1,6.666666666666667,5.333333333333333,-1,0,3,1,0,0,12046959,0,0,14,9,22,19,48,6,3,3,0,1
0,1,12.5,4.0,-1,-1,2,0,0,0,14526974,0,0,22,4,26,10,43,68,2,2,0,1
1,1,3.75,3.3333333333333335,-1,0,8,1,1,0,12046959,0,0,12,10,37,26,70,6,6,6,0,1
1,1,6.375,4.0,-1,0,8,1,0,0,12046959,0,0,13,4,58,5,70,1,2,1,0,1
1,1,6.5,4.75,-1,0,4,1,0,0,12046959,0,0,13,6,29,23,70,6,3,4,0,1
-1,-1,4.666666666666667,6.5,-1,-1,3,1,0,0,-1,-1,-1,9,7,16,16,40,-1,2,2,-1,1
1,1,9.5,4.857142857142857,-1,0,2,0,0,0,-1,0,0,16,7,20,41,70,4,4,7,0,1
0,1,9.5,6.2,-1,-1,2,0,0,0,14526974,0,0,16,10,20,36,63,71,2,5,0,1
1,1,7.0,19.5,-1,5,2,1,0,0,-1,0,0,12,32,15,42,64,0,1,2,0,1
1,1,7.25,3.5,-1,5,4,1,0,0,-1,0,0,13,5,32,18,57,0,3,4,0,1
1,1,7.666666666666667,4.0,-1,5,3,1,0,0,-1,0,0,18,5,25,20,52,0,3,4,0,1
1,1,9.5,4.666666666666667,-1,5,2,1,0,0,-1,0,0,16,5,20,17,44,0,2,3,0,1
1,1,12.5,6.0,-1,5,2,1,0,0,-1,0,0,22,6,26,8,41,0,1,1,0,1
-1,1,6.5,5.0,16648,6,2,0,0,0,2363674,1,0,10,5,14,13,34,5,1,2,0,1
1,1,6.666666666666667,5.5,-1,5,3,1,0,0,-1,0,0,13,11,22,27,57,0,4,4,0,1
1,1,3.0,3.1666666666666665,-1,5,4,1,0,0,-1,0,0,4,5,15,25,47,0,5,6,0,1
-1,-1,4.25,3.8,-1,-1,4,1,0,0,-1,-1,-1,10,7,20,24,51,-1,4,5,-1,1
1,1,8.25,4.333333333333333,1559,1,4,0,0,0,3818,0,0,13,5,36,16,60,15,3,3,0,1
1,1,4.0,6.5,-1,0,6,1,0,0,-1,0,0,7,9,29,30,70,1,3,4,0,1
1,1,4.0,6.5,-1,0,6,1,0,0,-1,0,0,7,9,29,30,66,1,3,4,0,1
1,1,10.666666666666666,6.0,-1,-1,3,0,0,0,-1,0,0,16,9,34,28,70,0,2,4,0,1
1,1,5.666666666666667,5.0,-1,2,3,1,0,0,-1,0,0,9,7,19,12,48,0,3,2,0,1
1,1,2.6666666666666665,5.571428571428571,-1,2,3,1,0,0,-1,0,0,3,9,10,46,70,1,3,7,0,1
1,1,5.333333333333333,6.25,-1,2,3,1,0,0,-1,0,0,11,12,18,29,54,1,3,4,0,1
1,0,7.666666666666667,8.666666666666666,255240,0,3,1,0,0,9362240,0,0,17,11,25,29,61,0,2,3,0,1
1,1,6.0,6.2,-1,6,2,1,0,0,-1,0,0,9,13,13,36,70,0,4,5,0,1
1,1,10.333333333333334,5.666666666666667,-1,0,3,1,0,0,-1,0,0,15,8,33,20,61,1,3,3,0,1
-1,0,7.333333333333333,5.666666666666667,-1,10,3,1,0,0,3580800,0,0,13,8,24,20,52,4,3,3,0,1
0,1,7.666666666666667,8.666666666666666,-1,0,3,1,0,0,-1,0,0,17,11,25,30,62,8,2,3,0,1
1,1,6.0,0,-1,4,3,1,0,0,13976287,0,0,9,0,20,1,28,71,2,0,0,1
0,1,10.0,8.666666666666666,-1,0,2,1,0,0,13929323,0,0,17,10,21,30,58,1,1,3,0,1
1,1,7.0,5.25,-1,0,3,1,0,0,-1,0,0,15,7,23,26,56,2,3,4,0,1
-1,-1,7.0,5.25,-1,0,3,1,0,0,-1,-1,-1,15,7,23,26,70,-1,3,4,-1,1
1,1,2.5,5.0,-1,7,2,0,0,0,11346500,0,0,3,5,6,6,19,0,1,1,0,1
-1,0,8.0,5.5,510,19,2,0,0,0,913,0,0,13,8,17,39,70,0,2,6,0,1
-1,-1,10.0,8.25,-1,0,2,1,0,0,-1,-1,-1,17,13,21,38,66,-1,1,4,-1,1
-1,-1,4.333333333333333,6.0,-1,1,3,1,0,0,-1,-1,-1,7,8,15,21,43,-1,2,3,-1,1
1,1,4.333333333333333,6.333333333333333,1559,1,3,0,0,0,3818,0,0,7,8,15,22,44,15,2,3,0,1
-1,-1,3.5,5.5,-1,1,4,1,0,0,-1,-1,-1,5,7,17,27,52,-1,3,4,-1,1
1,1,4.666666666666667,9.5,1559,1,3,0,0,0,3818,0,0,6,15,16,22,46,1,2,2,0,1
-1,1,6.0,6.2,-1,-1,4,1,0,0,-1,0,0,12,9,27,36,70,0,3,5,0,1
1,1,3.6666666666666665,24.0,-1,0,3,1,0,0,-1,0,0,5,44,13,50,70,6,1,2,0,1
1,1,3.6666666666666665,24.0,-1,5,3,1,0,0,-1,0,0,5,44,13,50,70,2,1,2,0,1
1,2,3.6666666666666665,24.0,-1,-1,3,1,0,0,8569538,0,0,5,44,13,50,70,1,1,2,0,1
1,1,4.666666666666667,10.0,1559,1,3,0,0,0,3818,0,0,6,16,16,23,47,15,2,2,0,1
-1,1,4.333333333333333,4.5,-1,-1,3,1,0,0,-1,0,0,8,5,15,11,33,0,3,2,0,1
-1,1,7.666666666666667,8.5,-1,2,3,0,0,0,14032568,0,0,11,14,25,19,52,1,3,2,0,1
0,1,7.666666666666667,5.5,-1,1,3,0,0,0,-1,0,0,11,8,25,13,46,0,3,2,0,1
1,1,7.666666666666667,5.0,-1,4,3,1,0,0,-1,0,0,11,7,25,12,45,3,3,2,0,1
1,1,7.666666666666667,0,-1,0,3,0,0,0,20255336,0,0,11,0,25,1,34,0,2,0,0,1
-1,1,5.5,6.666666666666667,-1,2,4,1,0,0,-1,0,0,8,9,25,23,63,0,3,3,0,1
1,1,3.6666666666666665,4.5,-1,-1,3,1,0,0,-1,0,0,6,7,13,44,65,0,4,8,0,1
1,0,5.666666666666667,4.0,-1,1,3,0,0,0,-1,0,0,8,7,19,20,70,7,3,4,0,1
1,1,5.666666666666667,3.6666666666666665,-1,-1,3,1,0,0,-1,0,0,8,7,19,15,41,1,3,3,0,1
1,1,5.75,5.6,-1,-1,4,1,0,0,-1,0,0,8,9,26,33,66,1,3,5,0,1
1,1,4.666666666666667,12.0,1559,1,3,0,0,0,3818,0,0,6,20,16,27,51,15,2,2,0,1
1,1,6.666666666666667,5.666666666666667,-1,3,3,1,0,0,-1,0,0,10,8,22,20,49,9,3,3,2,1
-1,-1,6.5,6.8,-1,-1,2,0,0,0,-1,-1,-1,10,11,14,39,70,-1,2,5,-1,1
1,1,7.0,6.5,9290,-1,4,1,0,0,5349355,0,0,13,9,31,30,69,3,3,4,0,1
0,1,3.25,2.0,-1,-1,4,0,0,0,16256583,0,0,5,2,16,4,70,0,3,1,0,1
1,1,12.0,4.428571428571429,-1,2,2,1,0,0,10443854,0,0,21,7,25,38,70,1,1,7,0,1
0,1,6.666666666666667,9.25,-1,9,3,1,0,0,-1,0,0,14,29,22,41,70,3,2,4,0,1
1,1,9.333333333333334,5.0,1559,1,3,0,0,0,3818,0,0,13,6,30,12,50,15,3,2,0,1
1,-1,6.666666666666667,5.666666666666667,-1,0,3,0,0,0,-1,-1,-1,9,8,22,20,49,-1,3,3,-1,1
1,1,5.5,4.25,1559,1,2,0,0,0,3818,0,0,8,5,12,21,66,15,2,4,0,1
1,1,5.5,4.25,-1,2,2,1,0,0,10443854,0,0,8,5,12,21,66,1,2,4,0,1
-1,1,5.5,4.25,-1,0,2,1,0,0,-1,0,0,8,5,12,21,57,4,2,4,0,1
1,1,6.5,6.8,-1,15,2,1,0,0,-1,0,0,10,11,14,39,70,1,2,5,0,1
1,1,5.75,0,-1,0,4,1,0,0,-1,0,0,14,0,27,0,35,1,1,0,0,1
1,1,8.5,10.0,-1,0,2,1,0,0,-1,0,0,14,32,18,45,70,1,1,4,0,1
-1,0,5.666666666666667,5.0,39337,-1,6,0,0,0,42191,0,0,9,8,39,24,70,9,5,4,0,1
1,2,5.5,8.5,-1,4,4,1,0,0,-1,0,0,14,10,25,38,70,5,3,4,0,1
1,1,6.0,4.0,-1,15,2,1,0,0,-1,0,0,9,5,13,10,30,1,2,2,0,1
-1,1,8.0,5.571428571428571,-1,-1,2,0,0,0,-1,0,0,13,10,17,46,70,0,1,7,0,1
-1,1,2.5,6.0,-1,-1,2,1,0,0,-1,0,0,3,6,6,7,20,0,1,1,0,1
1,1,2.5,10.0,34620,6,2,0,0,0,1352859,0,0,3,10,6,11,24,0,1,1,0,1
1,1,6.0,3.6666666666666665,1,-1,3,0,0,0,2,0,0,13,5,20,14,41,1,3,3,0,1
1,1,5.666666666666667,5.666666666666667,-1,-1,3,0,0,0,-1,0,0,11,6,19,20,46,1,2,3,0,1
-1,-1,4.0,5.75,-1,-1,2,1,0,0,-1,-1,-1,6,12,9,54,70,-1,1,8,-1,1
1,1,8.0,8.2,-1,-1,2,1,0,0,-1,0,0,13,15,17,46,70,2,1,5,0,1
1,1,5.0,5.0,-1,-1,2,1,0,0,-1,0,0,7,8,11,36,54,2,2,6,0,1
1,1,5.0,5.4,-1,-1,2,1,0,0,-1,0,0,7,7,11,32,50,2,2,5,0,1
1,1,6.0,4.4,1,-1,2,0,0,0,2,0,0,9,6,13,27,47,1,2,5,0,1
1,1,8.5,4.5,-1,-1,4,1,0,0,-1,0,0,13,6,37,11,57,1,3,2,0,1
-1,-1,7.0,3.3333333333333335,-1,0,2,0,0,0,-1,-1,-1,11,5,15,13,35,-1,2,3,-1,1
-1,-1,3.6666666666666665,8.8,-1,0,3,0,0,0,-1,-1,-1,4,14,13,49,70,-1,2,5,-1,1
1,1,10.5,7.0,1743,10,2,1,0,0,57954,0,0,18,18,22,40,70,3,3,5,0,1
1,1,6.5,4.75,1743,10,2,1,0,0,57954,0,0,11,6,14,23,70,3,3,4,0,1
1,1,9.0,3.25,1743,10,3,1,0,0,57954,0,0,22,5,29,18,54,3,3,4,0,1
1,1,5.0,12.0,1743,10,2,1,0,0,57954,0,0,7,32,11,52,70,3,1,4,0,1
0,0,7.5,10.75,-1,0,2,0,0,0,8328801,0,0,12,32,16,47,70,5,1,4,0,1
1,0,4.75,4.0,-1,-1,4,0,0,0,-1,0,0,11,6,22,21,50,81,4,4,7,1
0,1,8.5,5.5,1762,1,4,1,0,0,28641,0,0,13,8,37,26,70,6,2,4,0,1
0,0,5.666666666666667,3.6666666666666665,1762,1,3,1,0,0,28641,0,0,11,5,19,15,42,0,2,3,0,1
1,1,5.666666666666667,3.0,138224,2,3,1,0,0,1374004,0,0,11,3,19,12,39,4,2,3,0,1
-1,-1,4.0,4.857142857142857,-1,0,3,0,0,0,-1,-1,-1,6,11,14,41,62,-1,2,7,-1,1
1,1,7.0,5.857142857142857,1,-1,2,0,0,0,2,0,0,11,10,15,48,70,7,2,7,0,1
0,1,5.333333333333333,2.0,-1,0,3,1,0,0,-1,0,0,11,3,18,10,35,4,2,3,0,1
1,1,5.666666666666667,7.0,-1,4,6,1,0,0,13976287,0,0,11,11,39,24,70,0,5,3,0,1
1,1,8.333333333333334,5.0,1559,1,3,0,0,0,3818,0,0,12,8,27,30,64,15,2,5,0,1
-1,1,7.2,6.0,4982,-1,5,0,0,0,261727,0,0,13,8,40,21,70,25,3,3,0,1
-1,-1,9.25,5.0,-1,-1,4,0,0,0,-1,-1,-1,20,7,40,12,70,-1,4,2,-1,1
1,1,8.5,0,-1,0,4,0,0,0,-1,0,0,14,0,37,1,45,0,2,0,0,1
-1,-1,7.0,5.714285714285714,-1,-1,2,0,0,0,-1,-1,-1,11,9,15,47,70,-1,2,7,-1,1
1,1,6.333333333333333,7.2,-1,5,3,1,0,0,-1,0,0,10,10,21,41,70,0,2,5,0,1
1,1,9.333333333333334,7.0,1559,1,3,0,0,0,3818,0,0,13,9,30,32,70,15,2,4,0,1
0,1,6.0,6.75,-1,0,2,1,0,0,-1,0,0,9,7,13,32,66,4,1,4,0,1